16,148997
72,45272
92,350476
92,276928
178,519993
287,515142
329,199158
329,260271
399,232015
448,80796
448,158327
448,362528
448,504629
486,84124
496,404176
499,175372
543,529222
566,228193
577,352650
577,196284
624,425255
624,141402
624,195042
717,156921
752,461769
792,328280
862,866
942,347343
1052,87246
1075,107650
1210,453989
1210,108160
1223,85554
1223,270690
1223,9171
1278,56466
1278,56468
1331,165773
1362,546283
1382,521383
1382,395435
1413,347640
1451,135997
1457,389377
1457,444083
1457,145550
1520,255858
1561,121905
1571,225097
1672,469121
1672,469123
1714,508091
1714,182796
1800,109721
1831,485452
1831,223276
1881,485026
2055,269808
2126,40319
2238,54830
2350,449901
2419,205925
2419,212635
2419,536769
2552,205642
2552,542309
2557,39712
2614,60629
2651,516336
2661,65544
2689,225914
2689,194427
2704,323116
2704,20145
2723,489255
2737,50734
2737,471589
2753,308657
2885,224924
2938,256866
2938,545428
2968,103782
2969,251293
2969,107647
3047,492675
3047,492674
3138,198467
3138,50236
3138,387348
3171,292994
3171,194298
3228,50141
3268,81971
3283,192011
3283,39922
3373,339002
3409,71190
3409,347529
3443,478633
3449,432888
3641,411678
3673,511233
3676,128234
3747,238852
3752,371944
3752,103912
3764,502696
3779,87029
3850,229019
3884,343906
3922,203161
3985,278778
4038,479278
4068,255103
4068,211337
4076,105909
4082,357496
4101,209025
4150,232865
4165,355293
4172,503944
4236,544129
4242,360295
4255,477695
4366,500813
4366,116328
4366,429268
4366,128271
4403,261085
4442,326541
4442,316073
4456,391763
4508,267949
4554,238804
4902,212631
4948,4950
4977,112501
4977,337420
4994,439181
5010,318410
5010,256717
5017,532789
5054,314359
5066,420645
5150,357132
5159,279347
5159,217190
5184,113198
5217,103863
5267,72587
5267,97581
5339,542080
5352,420808
5352,351205
5393,119995
5466,322241
5641,213287
5673,219270
5715,442875
5718,416457
5718,55493
5777,104198
5864,424550
5871,71936
5961,404343
5976,456512
5996,178316
5996,544675
6102,443548
6204,537032
6204,375375
6204,51126
6204,484473
6307,70217
6307,123683
6373,539263
6472,459698
6476,344841
6476,384753
6484,35229
6613,212127
6613,61445
6616,524154
6616,375221
6689,420770
6709,246565
6724,168668
6764,545271
6791,535366
6867,107243
6874,98937
6918,67302
6937,81067
6941,289054
6975,271482
6975,342450
6983,448785
6983,249912
7017,505035
7080,89945
7088,157042
7237,260788
7400,79845
7400,17487
7437,375375
7457,130130
7457,486894
7473,524050
7494,110947
7494,42948
7616,521297
7616,52552
7616,28165
7630,314477
7630,541715
7642,16064
7708,83970
7734,356738
7747,408026
7755,110389
7805,545023
7813,56322
7813,440730
7817,35319
7817,377253
7931,522226
7959,518090
7984,28512
8087,158438
8146,513392
8201,56466
8201,56468
8201,240110
8240,177869
8250,316864
8250,533909
8289,538600
8323,198204
8336,542403
8424,50070
8510,484881
8514,124116
8560,295901
8603,356365
8650,501042
8705,234214
8705,357259
8726,519886
8734,236449
8748,427598
8828,143221
8997,245665
8997,245003
9123,411083
9173,32304
9175,59558
9182,80736
9182,428233
9229,63710
9237,370983
9237,109721
9334,41406
9334,104131
9334,109922
9343,165109
9351,484146
9360,32644
9363,195271
9363,217132
9363,544259
9413,274985
9534,182765
9572,208862
9589,545473
9601,39739
9614,368143
9639,540393
9717,163811
9717,497089
9782,179472
9885,205176
9903,216068
9926,538846
9970,101653
9970,130587
9970,479326
9999,485618
10052,470394
10093,159258
10093,520929
10214,145118
10266,495958
10591,261260
10607,53587
10618,175227
10644,234450
10678,221710
10730,274007
10888,69945
10888,252543
11001,363445
11005,99515
11075,127694
11171,364826
11175,176453
11175,411829
11190,379302
11192,109155
11192,441004
11253,536116
11267,472277
11279,173068
11312,230711
11375,311102
11530,345385
11574,63534
11580,258316
11656,330802
11668,57416
11749,502667
11776,242816
11900,64304
11911,284088
12011,445991
12045,483055
12161,297653
12161,392618
12227,96805
12227,160564
12254,230388
12289,160019
12328,44802
12382,150444
12382,325240
12443,486971
12529,340094
12529,218168
12529,128204
12534,54150
12578,503056
12578,182789
12578,230107
12578,261667
12616,161961
12617,542418
12618,171046
12639,99029
12639,86034
12695,77284
12744,432915
12751,375760
12786,361504
12848,207113
12911,327491
12911,239945
12989,37895
13055,255493
13055,515548
13076,31484
13076,540641
13388,284756
13398,277495
13413,43560
13598,298938
13619,296331
13633,474814
13648,413195
13648,247927
13718,505075
13735,345034
13847,235857
13852,507406
13878,343133
14002,224980
14035,311826
14059,239408
14077,296115
14164,369086
14185,63425
14212,35699
14212,446431
14240,369758
14250,17750
14314,455146
14341,289519
14341,232639
14471,491106
14606,70919
14623,20118
14673,53057
14673,163573
14673,248675
14731,279765
14731,341693
14830,493672
14831,197837
14859,223851
14892,504822
14936,420622
14936,168801
14942,205147
14998,198178
15182,375221
15182,500952
15318,391301
15330,299344
15344,420014
15350,387975
15350,490360
15350,304925
15420,239169
15452,246674
15554,450482
15554,88867
15575,161422
15661,42039
15736,183780
15784,186960
15786,315454
15795,325225
15863,479176
15863,447990
15908,547528
15969,58157
15969,99017
15969,342587
16064,230702
16142,246178
16176,64930
16182,19102
16219,287361
16219,521042
16219,328819
16240,225689
16240,314949
16240,343725
16260,45198
16260,483284
16271,88222
16300,201248
16401,211003
16401,260681
16448,324534
16462,347570
16555,23157
16555,66113
16555,491587
16603,216011
16603,243850
16621,373488
16714,366000
16803,149109
16853,156646
16905,523037
16905,227137
16977,225293
16977,53814
17061,436799
17109,64178
17189,518768
17201,69764
17212,160264
17361,26312
17361,261339
17361,286706
17361,312411
17361,17823
17361,415918
17361,479408
17361,510898
17361,91438
17361,110214
17487,199435
17500,339024
17501,456356
17501,111409
17539,38225
17539,166477
17550,185688
17587,334145
17599,523659
17605,437420
17698,324183
17698,309598
17745,258164
17745,546301
17893,439100
17981,439503
17981,50552
17981,217721
17985,504464
18019,463429
18138,304593
18281,62837
18313,490560
18376,282102
18381,37294
18391,313497
18391,455633
18424,251819
18424,380367
18476,547015
18573,103771
18618,347769
18716,326433
18731,473393
19102,82379
19161,29642
19163,423351
19168,377263
19170,201255
19170,479815
19233,160845
19263,238666
19305,393119
19339,242785
19421,295271
19598,283020
19617,53009
19674,120542
19700,66692
19705,174961
19754,34623
19767,216885
19833,302869
19931,247895
19931,240156
19931,67513
19931,520094
19931,70384
20141,486783
20145,323116
20162,359852
20353,164738
20353,375611
20370,162026
20388,465418
20388,215678
20388,435601
20388,251051
20388,320727
20403,442975
20434,303326
20481,547203
20481,546565
20481,372736
20494,63425
20509,416989
20509,386031
20716,55464
20730,70709
20784,313028
20834,91547
20878,510905
21018,337559
21018,328336
21042,337958
21062,102910
21194,437569
21194,202173
21205,157816
21221,39659
21345,252131
21392,197524
21405,515361
21495,351557
21498,349398
21530,548435
21530,506494
21570,494403
21582,121454
21610,261280
21626,242078
21690,250644
21692,96587
21750,216476
21755,101821
21814,321937
21850,22567
21850,547841
21864,389741
21869,246620
22012,232569
22012,364793
22012,329785
22235,335631
22299,55399
22323,195733
22446,420369
22463,390523
22475,239486
22567,94587
22567,177989
22567,547841
22567,309628
22571,234450
22585,433085
22592,42948
22614,188135
22650,488330
22721,338231
22872,212826
22909,30779
22913,107774
22913,291998
22914,119513
23042,110276
23070,172697
23138,504809
23143,218675
23157,66113
23157,220894
23214,130478
23341,345029
23341,432619
23341,251186
23341,77784
23430,366727
23430,337469
23442,358368
23464,319704
23486,174682
23729,519064
23729,258336
23899,210734
23929,247895
24158,454270
24159,107492
24174,303444
24181,45024
24208,327327
24320,419883
24323,257738
24338,30064
24402,241900
24402,512533
24430,77441
24630,96289
24632,236045
24658,171726
24701,163894
24701,420118
24773,25847
24815,317002
24949,41350
25105,296996
25228,298156
25598,126703
25614,183678
25629,130478
25671,289797
25742,27028
25899,73932
25929,246408
25980,430761
25980,117506
25982,86062
26043,515301
26080,85982
26136,230034
26136,85286
26263,460058
26268,486783
26312,490882
26312,173651
26312,126294
26321,160734
26428,57916
26530,101882
26569,49954
26645,324853
26731,504295
26854,260926
26957,484336
26957,351248
27043,521267
27074,507922
27194,173343
27351,180385
27353,439016
27353,515656
27353,244093
27445,435948
27479,496596
27545,354098
27545,304476
27864,501638
27932,90838
27932,377302
27932,55774
27932,40599
27984,389224
27989,479491
28165,52552
28165,521297
28486,378065
28486,437622
28494,52651
28607,482265
28632,513118
28773,487278
28886,89374
28906,59895
28993,302541
28993,108723
29004,344223
29050,44214
29150,519464
29205,70717
29443,114673
29507,523315
29568,518768
29669,424890
29779,519714
29786,424120
29786,83636
29786,192425
29931,210040
29961,456461
29970,515301
29970,85905
29991,350495
30064,121845
30097,496314
30217,226591
30272,513576
30407,126156
30485,185317
30694,113846
30718,96229
30718,188065
30745,299866
31096,297292
31118,477657
31187,200856
31300,362802
31419,378796
31454,85296
31526,253861
31595,198905
31650,192470
31774,233052
32022,450459
32151,517946
32151,390112
32151,89212
32151,113111
32209,124896
32226,258164
32298,375371
32304,337920
32393,252718
32464,90626
32499,86724
32499,482323
32581,99364
32730,221602
32793,321628
32819,32875
32848,454711
32921,426179
32965,58702
33040,316512
33097,509472
33195,520421
33261,393052
33359,97746
33407,43254
33590,321401
33634,475968
33644,500564
33644,58045
33677,204062
33743,315619
33745,505715
33764,489842
33764,468566
33818,185226
33818,494761
34015,468093
34196,210936
34196,480232
34248,185649
34279,37288
34447,468786
34477,224056
34579,251291
34579,114836
34579,241990
34579,520404
34623,371339
34678,218343
34707,518475
34707,110214
34720,323721
34756,59214
34803,461415
34880,181184
34887,330535
34889,507480
35066,334396
35130,298771
35158,57521
35319,377253
35416,498191
35522,456461
35590,126549
35606,236409
35684,455425
35901,91590
36017,299677
36044,120345
36062,478810
36079,89294
36203,211415
36365,67584
36374,79299
36531,371078
36531,110419
36531,61036
36582,445587
36629,78185
36629,437357
36629,226760
36652,124574
36702,97195
36829,386001
36872,329136
36872,130130
36875,496054
36875,99628
36875,459294
36918,460566
36918,239214
36918,221617
36918,205156
36918,461173
37042,210771
37188,502307
37364,435423
37427,227893
37547,189039
37701,59997
37701,190015
37862,204339
37981,169136
37981,513563
37981,325110
37981,244441
37981,229084
37981,173666
37988,63179
37988,173253
38104,95809
38115,456166
38115,388157
38189,302749
38225,170883
38302,52592
38425,317004
38495,114575
38575,439559
38604,178689
39047,496342
39076,46000
39149,355090
39245,498003
39424,390153
39424,385230
39424,230588
39500,363445
39659,75012
39659,438463
39659,495848
39677,54705
39712,456326
39712,327988
39717,198978
39717,374617
39727,179022
39835,514465
39925,367388
39979,509359
40108,241507
40244,463539
40307,97679
40392,212431
40643,364873
40656,95568
40751,346371
41071,316581
41133,261260
41428,209696
41452,213913
41458,350038
41470,383884
41505,100500
41605,391146
41702,502784
41794,194194
41794,392974
41794,367604
41855,470918
41885,215778
41932,54618
42169,518621
42246,515301
42246,205615
42330,512311
42398,495092
42497,356120
42523,92606
42585,237735
42668,234523
42686,466356
42890,239179
42894,323135
42948,473126
42948,179199
42948,224997
42948,310723
42948,359452
42948,89979
42948,63938
42948,391090
42959,200856
43018,318659
43064,235554
43064,479202
43100,340688
43112,214764
43206,121722
43208,231267
43208,364108
43373,460072
43381,500008
43618,236089
43639,249653
43844,315902
43844,214573
43967,448789
43967,219714
44178,471294
44214,331535
44273,260607
44287,230525
44296,438434
44296,201952
44375,490528
44375,126647
44375,355150
44375,446749
44375,86756
44556,522000
44586,443819
44957,128243
44957,67191
45010,521782
45086,92533
45288,79194
45289,328445
45366,197720
45366,480540
45505,241040
45544,354924
45564,507445
45564,81824
45564,483105
45564,483907
45600,446024
45638,249733
45765,365656
45771,445328
45839,96212
46048,187234
46087,506252
46274,46328
46304,323260
46353,205019
46404,86520
46449,316496
46449,314838
46481,521518
46530,328981
46555,482156
46615,362656
46615,194312
47012,313496
47072,72556
47386,95212
47396,339924
47419,366727
47515,461216
47589,371819
47611,346506
47702,227354
47889,336597
48001,457091
48151,108003
48164,503508
48177,441579
48192,205576
48240,251819
48299,524088
48496,443085
48529,192909
48634,450858
48850,519224
48921,210733
48969,232616
49011,126867
49092,247927
49128,117759
49385,63438
49385,74071
49385,261502
49514,458029
49663,516929
49708,332690
49732,338131
49804,484635
49822,131013
49822,362078
49867,110452
49867,522638
49870,238914
49870,451662
49922,81824
49945,336588
49961,507291
49961,113441
49967,475101
50005,223950
50005,260424
50041,356570
50041,122567
50131,471869
50236,198467
50236,387348
50236,508609
50236,214443
50258,247372
50356,472969
50552,86719
50617,249370
50677,316130
50695,231267
50734,471589
50734,390838
50862,93842
50956,232639
51038,522913
51088,66156
51180,515142
51242,99838
51398,483324
51400,349561
51400,67936
51409,62848
51471,112964
51471,125426
51473,75763
51613,64252
51742,119155
51743,198279
51948,82977
52003,380729
52036,103268
52084,233436
52309,59459
52349,183651
52352,78226
52361,241629
52395,348350
52395,67369
52465,382040
52509,346305
52606,112568
52626,187637
52643,520984
52728,374436
52740,54550
52758,97772
52767,479267
52941,251800
53031,198499
53117,67395
53143,256376
53143,211362
53185,211362
53263,121905
53271,206356
53327,348369
53370,236115
53538,335384
53569,63710
53569,226432
53645,110214
53717,71136
53726,241106
53886,447539
53958,61182
54107,482942
54165,469251
54301,452802
54301,334584
54301,378910
54405,386941
54578,78782
54618,92854
54618,349979
54631,355770
54635,236762
54635,365694
54792,372834
54952,474040
55055,387915
55141,69308
55194,241040
55312,495215
55464,72560
55464,188145
55492,58237
55530,381348
55530,66068
55530,103674
55563,340142
55637,76557
55775,233465
55812,109157
55871,210271
55877,329534
56193,454929
56193,356170
56334,454436
56468,211110
56491,491241
56497,494045
56532,253889
56719,115158
56719,521740
56829,466356
56838,235869
56856,56873
57182,463511
57261,493801
57342,355815
57400,352374
57489,111350
57521,89910
57540,485731
57540,359724
57564,488041
57613,364022
57674,104295
57706,504464
57830,360063
57867,113248
58176,58181
58176,201397
58262,478404
58295,128843
58397,224508
58467,94988
58467,94983
58471,94988
58525,352723
58683,246722
58702,239670
58738,89535
58804,100776
58866,71913
58912,479278
58912,372235
59113,337270
59260,241551
59287,250055
59377,238093
59558,357046
59585,234991
59591,347984
59733,64460
59791,108792
59791,341360
59997,88787
59997,348469
60045,338024
60077,377813
60096,372254
60303,255328
60552,340103
60582,194387
60582,100497
60618,216211
60683,345173
60699,254906
60699,118380
60929,196882
60984,503152
61036,110419
61036,377587
61049,85860
61090,369932
61151,108951
61182,220010
61182,228881
61195,508809
61335,260352
61445,212127
61450,458913
61472,511356
61496,351385
61659,207493
61672,215300
61877,116724
62229,100240
62229,216472
62236,110214
62358,325887
62409,231486
62510,342347
62666,351279
62666,386980
62666,511356
62666,517328
62685,64594
62714,248342
62722,502784
62909,130478
62918,218052
62926,334433
62963,486548
63009,242816
63036,456627
63126,89313
63179,331436
63239,515301
63341,67456
63359,495050
63410,390972
63425,228539
63438,473873
63528,390552
63824,107491
63897,224666
64090,224397
64150,381382
64152,247425
64222,381044
64222,87437
64339,74653
64343,522866
64504,226484
64580,89161
64611,467019
64798,124155
64874,114074
64874,475968
64901,337315
64958,386031
65023,509712
65146,474577
65168,207678
65205,92863
65222,349616
65237,488643
65349,489737
65352,246565
65419,484842
65419,130478
65437,236858
65437,483422
65513,124351
66073,392890
66077,377249
66077,247245
66096,215914
66096,67395
66103,120321
66113,220894
66113,491587
66260,502373
66290,500312
66307,511028
66482,474556
66626,223962
66936,375735
66945,95898
67040,224459
67091,462727
67191,128243
67267,485547
67272,477695
67304,522589
67369,462396
67381,207408
67381,240466
67456,504758
67456,518709
67456,228880
67495,121120
67513,240156
67513,70384
67563,240969
67589,515679
67593,222318
67593,473982
67599,204741
67870,523658
67936,349561
67947,251507
67990,213301
68022,201512
68100,106325
68100,115885
68142,344769
68228,93360
68296,391189
68391,509549
68492,358583
68636,466356
68954,111610
68959,509188
69034,119653
69034,345101
69049,494032
69190,98796
69240,99620
69240,114971
69256,230166
69329,94226
69482,351488
69564,376970
69732,238630
69803,94745
69859,477854
69903,338900
70143,120580
70217,223422
70344,226194
70384,520094
70505,125269
70694,514567
70709,73196
70709,215148
70756,203881
70919,500441
70992,74712
71062,71220
71190,248631
71253,497743
71348,221876
71443,247698
71462,236604
71462,354280
71671,390561
71782,350242
71842,390503
72022,467569
72023,231904
72095,239656
72101,488020
72101,89311
72205,505918
72395,119527
72413,245426
72502,386325
72556,104178
72587,84462
72587,517508
72633,477695
72665,374117
72697,227154
72998,490547
72998,221420
73196,523753
73251,507945
73349,481466
73393,231798
73395,87799
73395,261216
73400,520121
73400,98332
73559,340701
73725,487180
73732,503778
73922,479189
74118,384337
74362,477900
74364,344255
74655,491904
74926,364842
74945,379024
74945,84515
75030,523416
75243,373865
75243,251041
75494,103771
75591,241040
75640,347849
76084,378105
76115,250443
76257,118841
76463,376817
76649,387888
76762,523100
76762,497437
76828,502662
76857,224555
77218,479302
77441,516060
77481,361815
77482,256627
77537,519064
77747,516434
77748,501819
77753,217051
77784,98508
77784,84059
77839,226591
78075,103863
78235,128234
78257,360402
78578,255903
78619,260793
78652,516184
78688,239583
78779,223521
78845,473824
78903,249278
78991,214764
79141,499080
79255,80136
79255,479208
79299,385515
79310,110757
79845,495596
79845,515680
79898,507922
80057,499818
80135,217713
80373,83160
80451,484849
80729,369922
81143,486017
81195,261542
81462,105419
81517,475710
81537,515680
81651,361313
81824,231130
82019,517228
82107,259690
82214,222011
82253,498984
82253,129036
82660,495991
82756,362078
82784,237849
82859,231267
83226,374580
83515,247638
83541,378833
83632,83634
83632,251561
84100,354541
84203,99878
84288,350641
84512,486252
84515,379024
84527,242564
84527,364157
84594,104791
84603,221698
84778,129242
84894,505621
84944,509797
84957,361263
85286,230034
85321,119598
85321,362381
85356,235948
85399,359188
85566,124455
85766,100723
85855,233130
85905,364238
85905,515301
86104,502784
86129,235477
86408,226359
86431,120580
86724,239486
86794,350692
87268,504371
87423,128646
87456,351279
87456,386980
87799,107389
87834,101269
88170,251051
88252,518141
88363,221593
88381,376183
88409,224924
88492,219633
88492,244134
88650,493000
88812,486175
88959,95204
88960,513751
88961,237849
89166,383342
89208,113863
89294,106518
89311,391482
89374,486803
89374,485363
89374,491072
89374,114158
89398,505080
89458,502145
89473,505757
89479,249278
89652,237628
89997,234450
90248,244002
90306,485240
90401,100047
90626,496442
90794,489153
90817,119013
90857,502413
90875,249729
90900,234556
90973,384815
91314,222867
91390,110214
91400,499889
91541,494256
91886,502784
91930,489563
91930,494670
92065,247245
92575,103297
92612,493801
92741,119620
92874,520049
92919,124116
93080,130828
93355,230680
93942,125455
94237,256866
94522,359396
94591,502415
94591,250194
94732,129326
94865,100519
94983,94988
95377,502784
95459,108865
95502,120417
95872,261073
95958,376451
95991,256630
95991,108834
96101,113829
96347,126781
96451,490612
96956,244337
97045,251660
97266,125262
97429,387324
97579,122232
97579,233545
97579,233636
97579,384337
97581,115569
97606,104966
98043,362339
98107,261685
98160,501855
98463,122992
98463,244606
98797,502111
98975,233436
98975,246565
99031,250287
99470,507713
99515,509918
99516,495991
99594,254879
99620,114971
100003,384999
100294,107317
100496,499763
100609,498841
101291,520951
101477,501497
101582,113713
101884,390241
102093,112326
102459,105328
103008,236669
103087,522536
103486,515736
103617,507833
103845,511706
104500,388560
104621,385280
105102,520969
105922,515027
106108,114157
106165,106167
106270,248999
106531,368689
106760,128243
106874,385386
106927,106991
106927,389361
107223,390212
107360,243270
107491,108818
107647,251293
107741,108105
107741,261512
107976,375710
108061,372644
109108,258795
109155,261194
109262,378273
109383,504316
109577,126324
109842,522927
109842,115093
110214,518475
110214,392258
110214,123520
110237,383755
110359,389604
110452,522638
110484,115644
110547,252161
110548,258924
110757,251982
111007,391189
111345,505621
111455,391515
111498,129326
111630,508590
111683,115061
112964,125426
113441,518276
113441,507291
113480,129376
114988,125433
114988,252246
115061,115113
115105,513365
115362,120870
115362,510008
115569,260271
116328,122804
116328,118571
116403,514393
116613,386179
116724,516532
117195,380022
117516,384289
118184,261062
118571,122804
119274,119323
119481,121194
120027,129490
121306,392143
121315,255081
121343,516016
122239,128192
122991,122993
123222,258164
123681,124992
126288,261153
127016,127719
128408,128412
131095,545063
131151,396726
131235,240618
131235,502960
131279,125273
131279,40442
131340,24158
131340,416125
131340,88046
131381,432599
131428,159107
131435,538035
131484,34623
131526,487264
131526,232076
131644,529793
131684,208495
131684,310384
131746,375185
131746,221593
131746,151210
131746,98196
131805,227716
132012,234396
132072,336718
132100,494770
132166,34609
132303,503413
132370,141848
132413,315082
132474,487587
132536,25928
132548,162524
132555,145995
132579,541978
132700,408201
132701,436515
132726,209313
132726,543970
132821,455089
132891,238109
132956,60629
133052,537377
133084,163906
133184,377210
133184,232310
133186,26849
133213,438676
133213,77032
133216,264344
133223,377298
133261,59214
133261,34756
133352,354337
133352,494032
133421,135529
133469,419645
133491,537024
133575,434349
133575,196833
133617,39538
133673,419881
133673,174348
133699,426030
133699,499700
134085,10224
134153,547556
134204,547208
134204,198266
134204,368472
134215,278771
134230,364007
134231,294762
134349,287817
134399,197334
134514,78818
134548,104178
134586,243767
134586,311424
134727,217742
134846,515301
134846,205615
134994,444879
134998,56842
134998,300954
135091,182138
135282,167337
135282,55214
135303,449848
135353,518709
135451,107904
135467,17212
135499,304770
135508,366873
135508,424415
135632,487796
135633,57606
135693,224110
135801,78506
135801,184203
135801,285769
135826,360611
135936,388071
135947,411495
136015,237084
136048,147884
136048,386705
136048,419944
136130,169411
136272,98707
136272,447546
136413,249919
136414,9999
136420,120321
136420,193888
136420,66103
136457,234896
136562,356444
136668,438973
136668,420893
136741,441767
136793,484405
136874,16448
136885,495991
136889,11864
136889,188551
136895,69859
136897,502844
136950,311205
137249,470090
137497,120870
137498,303171
137513,59817
137513,380165
137563,298156
137586,139929
137597,502844
137753,337734
137850,307702
137853,189392
137876,427763
137888,220455
137935,545271
137935,456356
137935,519991
138089,298695
138197,521503
138217,154780
138253,548276
138253,9182
138314,467495
138314,277576
138345,310114
138362,407296
138443,170414
138586,40319
138639,548395
138680,80826
138680,433521
138690,452690
138756,114291
138786,215770
138786,154500
138786,261699
138839,210921
138891,509140
138891,260134
138950,92606
139017,94539
139017,224418
139092,250610
139097,174348
139102,89856
139185,199775
139206,460597
139206,291125
139206,47087
139240,371269
139240,388764
139257,538556
139281,273507
139281,233185
139281,155931
139281,13872
139281,437587
139282,276374
139341,146761
139341,98567
139398,425157
139426,281377
139440,187552
139540,90315
139540,328685
139637,162049
139703,420811
139831,218970
139915,420780
139924,374989
139929,257970
139929,292364
139929,508587
140069,115454
140102,356076
140188,213461
140196,332690
140207,34760
140220,253827
140229,515816
140233,102285
140236,181634
140238,520514
140312,190252
140312,509423
140392,141829
140419,213114
140459,544093
140540,192470
140540,198408
140551,365029
140689,411093
140689,181154
140877,336427
140945,543414
141001,28494
141034,443283
141038,183497
141060,447094
141094,278708
141139,231913
141139,484460
141155,15312
141157,124351
141157,65513
141250,81742
141383,546760
141397,232210
141424,98160
141424,207688
141443,64222
141497,392787
141506,201157
141506,507833
141677,242257
141780,438174
141829,104506
141873,518446
142081,64798
142246,515745
142278,44935
142294,293763
142294,209642
142294,168396
142367,76089
142442,61460
142459,308055
142460,63179
142487,149755
142491,437576
142519,318783
142603,539263
142606,348929
142606,12227
142606,96805
142606,160564
142625,109864
142632,536576
142660,463459
142660,405795
142724,421356
142834,150272
142995,64504
142995,226484
143107,217178
143154,437735
143198,21224
143225,40798
143230,88715
143274,208670
143274,148109
143429,92779
143447,347097
143471,161122
143486,121320
143538,161899
143730,360516
143730,547405
143796,96227
143803,349475
143893,372349
143893,464033
143898,369153
143898,75243
143988,78592
144054,171852
144111,211304
144146,233096
144146,320151
144179,363445
144223,285339
144300,109586
144300,105255
144316,100500
144353,52349
144353,206684
144358,57939
144401,172753
144409,331859
144492,522843
144497,522562
144652,429660
144652,53731
144928,407403
144958,27877
144982,470842
145089,254423
145089,210462
145100,313932
145127,501049
145174,103197
145269,299415
145277,101571
145293,334990
145367,61443
145405,478229
145426,261521
145568,428706
145698,338480
145705,39925
145979,324335
145979,158755
145979,179890
145990,191433
146049,168714
146049,153692
146075,185653
146075,185991
146093,211362
146093,53143
146106,130478
146180,295760
146200,75259
146204,105909
146390,465679
146473,438209
146522,368337
146522,371866
146522,110693
146558,68527
146599,487238
146658,456166
146678,441784
146755,490248
146755,388156
146761,106742
146924,413351
146928,110162
147073,259159
147073,392990
147133,314219
147139,288051
147139,40220
147144,482151
147155,504266
147159,224911
147218,420227
147312,61221
147336,365529
147356,215093
147407,185874
147468,417692
147740,347121
147799,388602
147828,120027
147884,386705
147884,419944
148037,340673
148079,431547
148097,355430
148097,506560
148158,241128
148212,121194
148241,357023
148241,523587
148337,546613
148337,545846
148501,411783
148673,319530
148693,209528
148700,56321
148700,323116
148705,209597
148856,78257
148950,474814
149024,484819
149086,181085
149089,373865
149090,72587
149109,291691
149129,67456
149294,205147
149342,313037
149444,62924
149536,453261
149541,65538
149580,291298
149700,214315
149700,362839
149811,491680
149811,24023
149837,202059
149853,93380
149866,152435
149878,42948
149964,126132
150002,236870
150108,494469
150314,78558
150314,294305
150352,61504
150358,374537
150386,419356
150399,242280
150444,325240
150506,492607
150517,65972
150534,61460
150626,123019
150627,195321
150635,62677
150792,96139
150924,488011
150952,176161
150956,481559
150956,510340
151022,329136
151035,382472
151045,389604
151062,37916
151130,471589
151205,121895
151210,241402
151210,71496
151225,521071
151261,38575
151273,283303
151273,374782
151595,174348
151822,173904
151822,386080
151822,467989
151879,290651
151980,547767
151980,547832
152041,196285
152126,152129
152233,414984
152286,342283
152300,246537
152419,310243
152439,420996
152453,477022
152496,183646
152549,180138
152606,298156
152621,379249
152695,377257
152740,96899
152748,119013
152807,372867
152825,513920
152894,99878
152910,177432
152981,101012
152984,62652
153000,501161
153073,51529
153125,370352
153222,103920
153236,103804
153293,128672
153323,30783
153413,380095
153431,235684
153431,159340
153597,207765
153692,339498
153854,170458
153945,355343
153958,239338
154106,337021
154106,509177
154135,452236
154138,78242
154206,502844
154241,72397
154282,236304
154369,377136
154396,187693
154396,171725
154406,462043
154406,119481
154406,116076
154406,467551
154639,337612
154780,212323
154780,469092
154947,212324
154949,358026
154949,183668
155205,474814
155218,344981
155218,104791
155324,55681
155436,166846
155520,311199
155587,385788
155591,423705
155591,356332
155591,68968
155598,81593
155649,44052
155800,173587
155944,340701
155944,521338
155944,45995
155944,73559
155944,165318
156043,500110
156043,156044
156044,500110
156113,506612
156122,378965
156134,376745
156219,493252
156312,221396
156390,214857
156392,45573
156435,202258
156460,516929
156521,519224
156521,458121
156676,156681
156676,233059
156676,333333
156681,333333
156757,492497
156768,228445
156850,338530
156867,166259
156881,188876
156902,169472
156902,244877
156902,320219
157056,212192
157125,88421
157211,333937
157254,83565
157526,89427
157614,193614
157614,181466
157635,75935
157665,110214
157816,62809
157843,515186
157925,175227
157930,121377
157952,112699
158023,337486
158058,108620
158154,323116
158202,103029
158255,370745
158327,362528
158327,491851
158327,488416
158327,449691
158513,36203
158513,211415
158515,208499
158559,67303
158559,495746
158613,130873
158681,310795
158766,391763
158846,486519
158942,74751
159190,46681
159258,429375
159258,186694
159258,515252
159327,388328
159335,368887
159384,481195
159611,338150
159611,521304
159611,260869
159828,217978
159883,172695
159929,43798
159955,429999
159958,207626
159958,483354
159966,448412
159996,493606
160127,31545
160152,112210
160260,238519
160264,328280
160265,167200
160265,52395
160265,67369
160265,348350
160271,59916
160302,185550
160302,389873
160314,351200
160320,211502
160320,313751
160344,106263
160434,371385
160445,331694
160519,457789
160631,88492
160657,478229
160734,261621
160734,433107
160734,354772
160734,81074
160748,201029
160782,480725
160865,489377
160951,206398
161119,384315
161161,127107
161190,475329
161191,505176
161191,453989
161260,64874
161283,102463
161315,124161
161447,336679
161481,167439
161493,313868
161527,324177
161572,201512
161572,68022
161614,391483
161629,57613
161693,317495
161837,247626
161898,171708
161905,250354
161919,43254
161921,424378
161921,471971
161990,78507
162026,189813
162026,509480
162049,471937
162049,364098
162066,31568
162194,509756
162281,463836
162308,231613
162412,427439
162431,486085
162498,198213
162560,99316
162684,434995
162988,190006
163003,41766
163003,307292
163042,70175
163161,54618
163333,478832
163411,460978
163585,522767
163585,522765
163647,96010
163674,350183
163679,244606
163740,260582
163798,34887
163904,168758
163906,234450
163910,324045
163940,467063
163943,214523
163943,474626
164128,482445
164137,207110
164179,77918
164179,517353
164280,364022
164415,181293
164473,201569
164604,317366
164652,219857
164755,489031
164818,252750
164818,179476
165104,252244
165210,71462
165212,469283
165220,190295
165314,41113
165318,45995
165322,464539
165419,57001
165422,484523
165667,383434
165996,242101
166005,484285
166005,192805
166005,322112
166005,239772
166119,390041
166119,449141
166162,100652
166171,523421
166185,249096
166185,443170
166185,306035
166185,118144
166259,217245
166268,504423
166295,53458
166295,483107
166406,499235
166477,38225
166478,185653
166536,239656
166536,72095
166561,36793
166578,81253
166607,195311
166737,468102
166846,98200
166846,72427
166883,115449
166981,84364
167107,169105
167107,524206
167243,179928
167244,305143
167378,497530
167378,86896
167378,227068
167439,486800
167439,359031
167653,110757
167890,115885
167890,106325
167890,68100
167908,49967
167908,475101
167966,478856
168067,60055
168161,242631
168177,240161
168233,325661
168322,348151
168322,523469
168408,55415
168526,168572
168526,255103
168558,102534
168560,494032
168572,255103
168700,211268
168999,487085
169057,347961
169057,191416
169071,179941
169084,222844
169105,524206
169259,208492
169368,225706
169497,89150
169511,121845
169511,54495
169662,101744
169671,457775
169755,62414
169850,42578
169863,305788
169981,321455
169981,496877
169992,348913
170040,309760
170170,54792
170170,372834
170199,503578
170199,116210
170439,230432
170458,325606
170520,457748
170729,189813
170746,377936
170775,230835
170956,86724
171001,246153
171010,368939
171108,107741
171108,261512
171108,108105
171206,342349
171252,55464
171252,188145
171272,193266
171472,67650
171502,508016
171502,234491
171553,442607
171607,48112
171708,259796
171726,378446
171752,228114
171768,336101
171769,58397
171832,486519
171876,193639
171893,440236
172087,517597
172092,231267
172620,113248
172718,478965
172855,176389
172932,519057
173004,509923
173004,312770
173004,72524
173136,234692
173136,389688
173218,436797
173271,485026
173353,306810
173371,467258
173377,173839
173442,252242
173442,511384
173558,232396
173587,129623
173589,523362
173621,197287
173834,455880
173856,342338
173861,249278
173864,450418
174053,373286
174135,337176
174317,207333
174348,518530
174348,54735
174348,249733
174348,437774
174450,212670
174531,349268
174853,236449
174884,340076
174884,342534
174884,468197
174961,130975
174970,241347
174975,374960
174992,437324
175040,487546
175040,116595
175167,352855
175186,338961
175421,101404
175595,259445
175705,467057
175734,71253
175797,321205
175797,82214
175797,222011
175896,119331
175928,252497
175941,499712
176099,377249
176099,66077
176124,318651
176161,65793
176161,385183
176192,358817
176202,459013
176212,449804
176310,465907
176399,232628
176453,58424
176466,385280
176570,176587
176570,497413
176587,497413
176712,358679
176809,342094
176992,189524
177094,504075
177360,329136
177360,130130
177360,478947
177420,202354
177420,186672
177514,339438
177514,523802
177654,522309
177687,324835
177687,468678
177849,104342
177860,316143
177860,360565
177860,359887
177864,347541
177995,83638
178112,63075
178156,106270
178199,206358
178277,448660
178322,496591
178407,512100
178445,178465
178506,465186
178532,239583
178680,50458
178976,235566
178976,467660
179151,221843
179151,86609
179193,179207
179199,520751
179199,479160
179201,179207
179357,107904
179357,391914
179473,380909
179646,205198
179667,492268
179811,110704
179916,179920
179964,80000
179964,70577
179964,458469
180032,319530
180095,334990
180106,516406
180138,370352
180158,357039
180499,344981
180499,104791
180594,486548
180594,62963
180618,114971
180787,380387
180805,321434
180812,218225
180828,247492
180941,253978
180948,500364
180948,227009
181117,50695
181156,247577
181264,115022
181293,495550
181466,193614
181466,360785
181466,501539
181466,331155
181523,324926
181564,196882
181591,252185
181745,510040
181760,63528
181851,498304
181919,210867
182150,366482
182216,214691
182248,232628
182367,248999
182483,76828
182543,351405
182592,70277
182603,457748
182720,217855
182796,508091
182912,503582
183017,208010
183183,317871
183444,507922
183444,197287
183538,480473
183559,456435
183585,379012
183624,323033
183668,358026
183922,382022
183922,366873
184067,69989
184245,489737
184359,70344
184487,355743
184708,230825
184723,105205
184821,67447
184932,467057
184932,235414
184948,481338
185083,316926
185090,122571
185102,225401
185169,523179
185226,494761
185229,61472
185262,67870
185524,470212
185649,199435
185653,185991
185653,317046
185813,187931
185814,328473
185898,503944
186047,259394
186047,448690
186071,486312
186206,357251
186260,355770
186315,452579
186424,117880
186478,498289
186529,325767
186554,208564
186564,123646
186650,59882
186694,107775
186763,457775
186896,363445
187035,347386
187309,99409
187622,510660
187723,80469
187806,248514
188042,505918
188106,74205
188135,82133
188145,72560
188169,485363
188271,124391
188272,58619
188300,257044
188370,494717
188390,105828
188503,93327
188567,513478
188702,359651
188782,118184
188814,224872
188844,367777
188899,391809
189039,241556
189041,215723
189141,61350
189222,69447
189338,105909
189398,471688
189519,252471
189615,350804
189889,109052
190015,59997
190015,348469
190015,88787
190046,391810
190179,349609
190383,190389
190418,97698
190418,459834
190530,337021
190639,466828
190713,105120
190713,500842
190973,328641
191066,82107
191073,514325
191106,99687
191493,466229
191566,513974
191588,360583
191592,99878
191688,124464
191948,90908
191951,509620
192080,501334
192080,129486
192184,254511
192223,325043
192287,245284
192488,125269
192583,108683
192623,221698
192624,495550
192647,240616
192649,250956
192653,98106
192705,120510
192777,104204
192805,239772
192955,221182
192999,494177
193128,327285
193266,392553
193323,350370
193399,68091
193522,354533
193614,360785
193639,224935
193771,260676
193824,363878
193834,213200
193888,66103
193888,120321
193950,486205
194086,327011
194140,72413
194194,392974
194194,367604
194491,363522
194496,78033
194787,226226
194894,488956
194942,236669
195065,89311
195088,261948
195222,507756
195321,202230
195467,384773
195483,217090
195747,358414
195797,79397
195957,498841
195957,100609
196094,225476
196094,493151
196120,380268
196147,345944
196237,228295
196237,67233
196237,233278
196261,207075
196284,210058
196320,74339
196326,365656
196384,388766
196405,213114
196621,232755
196682,216152
196694,207835
196752,246217
197072,349268
197173,336059
197250,483284
197287,79898
197287,342093
197287,486537
197287,507922
197387,249370
197487,385294
197720,480540
197732,252185
197764,73568
197814,197818
197924,344564
197936,347291
198213,475911
198380,334611
198451,358961
198467,508609
198467,214443
198467,387348
198483,249105
198545,118159
198633,251660
198681,248664
198735,374223
198829,377587
199158,260271
199292,468939
199445,210306
199445,488606
199483,369486
199490,469533
199510,75865
199908,231894
199944,508732
200013,205635
200097,245839
200211,494551
200354,338309
200449,260914
200521,98043
200628,338345
200822,390348
200822,260554
200871,478952
201157,346371
201157,103617
201157,375771
201157,507833
201255,479815
201408,96689
201507,82248
201513,523362
201568,226335
201576,387284
201650,235622
201749,258795
201827,102439
201942,382600
201991,91019
202036,376927
202059,252208
202108,204466
202286,240488
202289,254428
202354,339268
202382,124391
202431,211268
202431,386549
202457,212192
202607,359057
202863,116112
203420,76643
203420,99032
203540,382203
203608,232015
203866,119700
203881,118118
203908,130878
203931,345015
203931,472188
204044,224276
204044,523043
204044,208834
204048,100290
204104,512322
204210,496416
204493,258715
204537,507284
204557,209994
204561,507922
204652,348551
204849,366640
205176,364166
205176,339957
205176,102447
205193,251800
205386,104178
205409,337850
205409,503582
205518,471056
205615,364238
205615,515301
205632,74926
205647,476609
205768,500696
205811,118159
206430,77232
206804,344000
206933,348683
207110,368598
207110,369405
207173,225419
207408,240466
207437,478851
207452,257239
207498,250352
207702,353915
207765,250374
207835,368516
207952,491207
208010,481550
208190,476165
208730,257513
208735,502572
208806,375696
208834,523043
208834,224276
208870,257587
208971,359407
208973,360578
209317,244337
209391,489737
209480,371029
209501,234500
209509,122567
209585,260210
209585,224533
209690,261393
209750,125660
209858,506859
210140,378520
210240,383598
210271,491936
210718,221348
210771,87781
210921,491249
211003,260681
211046,495010
211066,342914
211131,217686
211193,126796
211268,386549
211288,225586
211288,360308
211288,489897
211337,255103
211602,518714
211784,84957
211784,249370
212157,129404
212192,228539
212192,109586
212431,373436
212431,82688
212452,106252
212454,234241
212464,478501
212753,247927
213053,492118
213114,234374
213114,485364
213200,254640
213200,374161
213200,498708
213254,106626
213254,478625
213258,86431
213258,120580
213385,348522
213477,106927
213582,390112
213764,255575
213912,237628
214000,367105
214158,228880
214168,358838
214169,227452
214349,495769
214425,125705
214425,224584
214610,481700
214658,245051
214696,502784
214764,374740
214814,239808
215030,357985
215547,479253
215775,357217
215883,518556
215948,507012
216011,243850
216021,502784
216022,102459
216022,247581
216236,384140
216424,128619
216678,512593
216798,260763
216861,235307
217094,350258
217108,257102
217141,387152
217224,124966
217245,231788
217245,233739
217686,484413
217721,86719
217817,238501
218056,116724
218155,361119
218308,370966
218419,128060
218546,105120
219230,376573
219236,120775
219383,121343
219521,515870
219523,484732
219538,93327
219633,244134
219910,249704
219972,130130
220136,385887
220417,110003
220628,506823
221072,91541
221072,494256
221348,254239
221461,223158
221698,102653
221713,509140
222123,232396
222195,356203
222307,381278
222453,125310
222964,247769
223023,509816
223099,354503
223276,485452
223300,256566
223842,508760
223950,260424
224166,242623
224174,236882
224276,523043
224388,227230
224503,507602
224563,501949
224808,361313
224872,243404
224872,114355
224965,520550
225052,389577
225097,382134
225336,509374
225419,225420
225706,505788
225780,372972
225800,238788
225970,101557
226511,517210
226511,521759
226550,506859
226559,113219
226582,492851
226608,104537
226717,252175
227256,523088
227278,505849
227278,379006
227351,494333
227412,250103
227428,360930
227428,359407
227474,123683
227485,109252
227521,126634
227710,227716
227731,114157
227731,506612
227841,228935
227889,109028
227927,504822
228179,123100
228219,523088
228450,246752
228914,367668
229019,496242
229023,368939
229379,372644
229379,108061
229482,104178
229590,379351
229758,232015
229858,367888
230107,261667
230184,502327
230549,230551
230599,518158
230617,516107
230866,261687
230959,493355
230986,503791
231086,246942
231200,368795
231267,257230
231267,126294
231267,384652
231267,523444
231314,386031
231613,379118
231671,239908
231894,503263
232310,377210
232315,103863
232396,510010
232476,233527
233278,128578
233364,366018
234187,242159
234278,248692
234695,234704
234711,105542
235064,125709
235069,386080
235307,240411
235344,374138
235625,260788
235844,260603
235876,257667
235959,370776
236425,250287
236571,261062
236752,115811
236870,391208
236882,392787
237084,519214
237186,376673
237628,116535
237841,253698
237960,110278
238077,130718
238140,238144
238529,372624
239141,129638
239583,377792
239583,523951
239619,253789
239619,250023
239858,507922
240100,384339
240264,513664
240427,379172
240488,510802
240570,114106
241012,510615
241598,389137
241615,523469
241842,244261
241900,512533
241990,251291
242341,509721
243140,380076
243404,114355
243440,261062
244288,383470
244606,122992
244956,377588
245044,519993
245200,114171
245227,123249
246449,249940
246752,124242
248643,257274
248743,524024
249612,260782
249789,520892
249819,515081
250023,253789
250130,250134
250904,393100
252809,391878
252966,127008
254447,260788
255997,259623
256255,256252
256920,523937
257863,260603
258076,258085
258967,261596
259159,392990
259783,130227
262149,217978
262149,310948
262149,283724
262149,241903
262183,274550
262225,257931
262250,391878
262250,210704
262250,63179
262313,492400
262329,4456
262329,391763
262351,114890
262351,203881
262351,52126
262351,10940
262351,339332
262351,473724
262351,507445
262351,93621
262380,354853
262388,39659
262388,21221
262499,383177
262499,323574
262583,22323
262583,102534
262583,410222
262583,141087
262636,88492
262636,41133
262636,10591
262636,160631
262724,48875
262734,216211
262751,287187
262775,381218
262787,355006
262787,22283
262822,546845
262889,112503
262923,2876
263043,476995
263105,47386
263108,141780
263108,438174
263126,248664
263163,527915
263163,527914
263211,396677
263267,388514
263296,351642
263342,349398
263391,278279
263395,490560
263395,18313
263430,105036
263453,453989
263516,63260
263517,310075
263527,199051
263561,256801
263561,293763
263581,296528
263593,211572
263612,260102
263770,490737
263789,53792
263850,71992
263850,201200
263850,519785
263931,314219
263969,347097
264036,115593
264057,288664
264274,116871
264301,404169
264335,115055
264344,142791
264371,532819
264399,72710
264461,101723
264467,203449
264529,115569
264545,209025
264610,282340
264610,20034
264610,22446
264620,235064
264813,67752
264901,268957
264946,115265
264952,104464
264952,289797
264952,380603
265009,338346
265012,182765
265035,495840
265047,339024
265047,17500
265099,251186
265121,311762
265169,418658
265169,318140
265186,405887
265186,15736
265186,46351
265191,24208
265191,116322
265191,327327
265210,126549
265210,35590
265212,240664
265212,315537
265239,270582
265251,297114
265282,93982
265346,429117
265379,46333
265464,517595
265464,16462
265498,3855
265558,207068
265576,301842
265576,180251
265579,321787
265614,18675
265694,279984
265694,91712
265802,472524
265802,369400
265843,461876
265883,36875
265901,421503
265934,340013
265963,252639
265987,115113
265988,174292
266071,545070
266090,293898
266097,234979
266097,411388
266168,547841
266168,22567
266172,355906
266205,239808
266224,267815
266256,540974
266304,485607
266304,50609
266382,492400
266398,145174
266405,241865
266412,130115
266504,5359
266544,161493
266544,443733
266706,220977
266706,427956
266785,204062
266814,121263
266897,404805
266897,404755
266897,345321
266924,411584
266981,503778
266981,401671
266981,73732
266981,194754
267002,67007
267002,15760
267002,259167
267004,190143
267030,30436
267060,512712
267060,268263
267279,361141
267396,471592
267459,278248
267466,201569
267508,274351
267591,179199
267640,401842
267906,503582
267930,415683
267982,47952
267982,84341
268083,233036
268109,417085
268126,478633
268163,456627
268172,19302
268200,492607
268200,35796
268200,150506
268200,538784
268346,56781
268358,340013
268365,274991
268380,196767
268414,271875
268617,224397
268705,124391
268710,123751
268710,311098
268710,94390
268751,448690
268773,356296
268773,415200
268810,291125
268848,66284
268913,197560
268913,513827
268927,110757
268927,79310
268933,200596
268970,98213
269000,68768
269117,416679
269129,515679
269193,172492
269250,201157
269254,72042
269273,444883
269278,193701
269393,354877
269411,498304
269444,77115
269484,514859
269630,130478
269845,501171
269866,369032
269876,323424
269904,492674
269987,463568
270032,56491
270032,491241
270163,377399
270166,298806
270582,444599
270600,214466
270627,501588
270638,295424
270653,12578
270653,230107
270699,497128
270735,523011
270754,327327
270947,31458
271022,512736
271148,158327
271192,467615
271242,504530
271273,49385
271273,74071
271285,210867
271529,308588
271563,187003
271588,260812
271592,430379
271594,30778
271640,176569
271781,222776
271810,286057
271846,433427
271855,225097
271928,155770
271990,375375
271999,117033
272016,188324
272063,204005
272072,34210
272177,507756
272461,65169
272473,230959
272473,464133
272473,493355
272474,214223
272528,107559
272539,546974
272596,519252
272694,379981
272694,189199
272819,338024
272973,105993
273059,57906
273213,89374
273282,387280
273328,219857
273434,474261
273545,342607
273549,182735
273650,76420
273651,419806
273652,519826
273658,180679
273718,479249
273739,254008
273821,482456
273863,154285
273889,474577
273889,227918
273899,358038
273939,523088
273989,284094
273989,364959
273989,489340
273989,345173
274023,41855
274068,501482
274106,111716
274106,155703
274201,329554
274361,13502
274385,256371
274385,285912
274385,280712
274403,315351
274505,20162
274522,438600
274581,497446
274598,211047
274689,522536
274689,512297
274748,544129
274751,110602
274804,46404
274813,226158
274813,152903
274813,545678
274941,71062
274985,209677
275083,180402
275121,145979
275154,364628
275402,242508
275509,39554
275732,123113
275804,506612
275859,504021
275875,50041
275875,122567
275875,356570
275875,360398
275875,364902
275877,57159
275880,476415
275904,407068
275973,148053
275984,64460
276004,376700
276009,539807
276078,391048
276088,154106
276106,147038
276109,367291
276374,339375
276452,167890
276452,504530
276573,348369
276573,53327
276576,439583
276610,166185
276610,249096
276670,191066
276674,544424
276674,34753
276709,476876
276865,467215
277068,289395
277146,287273
277211,149755
277213,74506
277225,509347
277243,465474
277265,277271
277265,194736
277271,194736
277393,42137
277412,338150
277412,250627
277463,222871
277600,456851
277601,184509
277607,221102
277607,519630
277607,482636
277663,262004
277695,126781
277828,231267
277869,235566
277878,235836
277901,471978
277914,124066
278190,159149
278190,334810
278253,284105
278330,162770
278338,333430
278387,433509
278419,436295
278450,519664
278450,305463
278476,464657
278708,77723
278708,164925
278708,453318
278777,248799
278777,369553
278832,509816
278997,542575
279004,19616
279121,120790
279133,547028
279178,282322
279257,459892
279332,227737
279347,217190
279352,234348
279359,211826
279377,255107
279385,92038
279385,20701
279397,377399
279406,166295
279416,544006
279494,152300
279494,246537
279503,344146
279541,129471
279541,360441
279546,63506
279546,205059
279577,247577
279577,250857
279577,334901
279577,344527
279577,472599
279577,62583
279654,204065
279689,215464
279694,202294
279700,453653
279713,248643
279713,257274
279719,362118
279765,58467
279765,94988
279878,194167
279931,515361
279931,79507
279931,21405
279990,19255
280050,224680
280050,72697
280062,343035
280066,379792
280066,379794
280066,153431
280161,181745
280161,503582
280165,168208
280189,60566
280189,283565
280441,70770
280456,457091
280498,20162
280517,198494
280598,424075
280615,118983
280686,238985
280712,251853
280712,160207
280712,521755
280712,311025
280844,309142
280844,51242
280875,210271
280928,486351
281139,91029
281139,127313
281146,300129
281425,236756
281432,35663
281476,220688
281588,183559
281604,446024
281653,35400
281653,368373
281653,510506
281681,471660
281681,438314
281681,378826
281681,29816
281831,478947
281991,461757
281991,48204
281991,293695
282005,455721
282023,445390
282039,227918
282152,67878
282209,94559
282233,194831
282383,419658
282383,43018
282586,38189
282591,104537
282602,76857
282602,224555
282655,105354
282747,208097
282768,415037
282779,325152
283012,237921
283020,23101
283073,303353
283136,239971
283228,212192
283246,173068
283268,166607
283268,195311
283289,480453
283299,38695
283303,374782
283321,508033
283321,108499
283321,259623
283361,57521
283373,175797
283423,95212
283473,75906
283496,503532
283532,436525
283639,254879
283656,334611
283674,231086
283674,127168
283674,39498
283700,313004
283725,77527
283725,155835
283725,454677
283766,545988
283766,174531
283766,197072
283783,448652
283988,22528
283989,479251
284079,218520
284088,319107
284093,294295
284208,204202
284211,26114
284292,355343
284296,68270
284298,353702
284372,319909
284404,337753
284473,161246
284606,314173
284635,212484
284646,510469
284646,74584
284646,478454
285086,116210
285127,296065
285127,370776
285131,257244
285163,164085
285229,261531
285300,435948
285354,27333
285438,61167
285438,255103
285438,81600
285438,168572
285466,299410
285474,320328
285486,417743
285616,308370
285616,188145
285769,78506
285819,160754
285819,433958
285839,61460
285912,162990
285915,446749
285939,112129
285939,504234
285939,205974
286003,442749
286044,196767
286057,236866
286104,260223
286104,241347
286129,212980
286160,351703
286160,306450
286209,299274
286287,312644
286311,75183
286396,297749
286422,205353
286450,387708
286454,349056
286469,478687
286644,111322
286644,190383
286644,190389
286661,355560
286829,299539
286829,113545
286829,318124
286870,54301
286967,317980
286988,83418
287026,192900
287070,237712
287070,324475
287072,70791
287132,521755
287150,227029
287273,99409
287471,69859
287502,204889
287550,326455
287609,210971
287915,34217
287974,347193
288000,522638
288000,49867
288051,40220
288068,240449
288068,518564
288100,342914
288105,310960
288196,62918
288203,92087
288433,382542
288433,82019
288454,485026
288516,442479
288543,450703
288577,180577
288578,236683
288605,113899
288611,337694
288700,421396
288779,351405
288892,443500
288956,425878
288996,523393
289038,520605
289048,206716
289054,328650
289067,169981
289142,300408
289285,465629
289371,75127
289387,459939
289404,295484
289410,84324
289410,317087
289488,66156
289519,50956
289519,232639
289536,97581
289550,517961
289682,495991
289682,356691
289682,82660
289710,291998
289797,309752
289797,495045
289797,477224
289797,338345
289863,443620
289863,96896
289870,328300
290024,235922
290026,48879
290072,113767
290086,311394
290119,461496
290186,44174
290247,69054
290316,166400
290316,115222
290405,174211
290405,482552
290445,190455
290671,89452
290701,494032
290713,500783
290943,187622
290954,74506
290960,450807
291010,115994
291016,47012
291218,480530
291218,247245
291298,36451
291343,378040
291374,168999
291444,303251
291482,68959
291482,509188
291514,106841
291561,205535
291607,200762
291672,372972
291719,376315
291773,126165
291805,227154
291945,477879
291998,429375
291998,42945
292004,96332
292030,180948
292030,500364
292093,349637
292153,338660
292153,109464
292257,161572
292257,201512
292268,451101
292276,85102
292302,488009
292302,333939
292308,491030
292310,331658
292373,232396
292414,85489
292420,360583
292550,71867
292618,219583
292758,315154
292823,424084
292842,360614
293119,317577
293338,479194
293389,430704
293475,355023
293529,184527
293559,126634
293573,177970
293604,426566
293610,505918
293610,442828
293700,426645
293763,197045
293763,168396
293763,256801
293859,476214
293898,449098
294084,251422
294119,365891
294119,201280
294128,318281
294153,166846
294188,179928
294212,259796
294214,299301
294229,431188
294229,488521
294237,248743
294432,429037
294476,368904
294717,429215
294725,34889
294768,309005
294826,327122
294826,98307
294982,167349
295278,385127
295278,129802
295356,446688
295356,262036
295356,472928
295401,60739
295418,48345
295465,165061
295533,185649
295558,37612
295586,317475
295688,366406
295941,165626
296069,522378
296074,314672
296079,471160
296093,169771
296152,88541
296186,255688
296361,234110
296462,112214
296462,337694
296474,342379
296484,492001
296494,98460
296499,390358
296697,386631
296698,373627
296698,470245
296706,523262
296733,453261
296733,193423
297198,366516
297198,96668
297286,467731
297286,345431
297414,524255
297420,354859
297627,78903
297627,213005
297627,249278
297797,448620
297821,107491
297991,130088
298156,474556
298156,58702
298156,66482
298220,65169
298451,232922
298476,311205
298485,199510
298578,213254
298610,121697
298669,300336
298697,72637
298704,366859
298721,53869
298728,116724
298730,72145
298744,468566
298771,342117
298773,54095
298938,474841
298953,336497
298959,170682
298959,471619
298959,492533
298986,467419
298986,472622
299008,455425
299039,120184
299039,79220
299176,365152
299241,443115
299272,67650
299274,107317
299274,100294
299282,195919
299291,332664
299344,202679
299415,331050
299433,236613
299656,93984
299677,340103
299784,498851
299796,231267
299808,463429
299825,340706
299831,435187
299831,464939
299940,361313
300167,254628
300191,203312
300214,172503
300325,214944
300373,356172
300388,452083
300432,255678
300672,236520
300672,509162
300747,119727
300789,384788
300954,343636
300996,93118
301006,182138
301423,321417
301523,350804
301523,189615
301635,242687
301635,111345
301879,377399
301879,57015
301879,315015
302011,351190
302046,92881
302115,471855
302129,255114
302221,371604
302542,389285
302591,73142
302677,202398
302695,489718
302715,434223
302841,308639
302841,386507
302906,520290
302910,359535
302938,118718
302957,465018
303043,108294
303119,126294
303176,93930
303186,256480
303251,522135
303326,349396
303326,120937
303326,199196
303326,514172
303326,490250
303400,107644
303400,380652
303403,238989
303411,55654
303442,210580
303457,358495
303532,174704
303711,67803
304054,130792
304073,193323
304074,313924
304074,79231
304396,360718
304454,473416
304476,354098
304507,236602
304507,491153
304542,221102
304808,311298
304828,56719
304921,304925
304925,490360
304990,438557
305000,350523
305000,60512
305014,307290
305016,124586
305273,86229
305355,457091
305374,463031
305527,373380
305538,437490
305608,62335
305608,247778
305609,330221
305687,123249
305687,360611
305818,495991
305833,193906
305980,126781
306035,249096
306148,313549
306309,465771
306309,81490
306322,389763
306322,261330
306450,351703
306454,251819
306525,180322
306606,93930
306752,338513
306790,354016
307176,61553
307291,91324
307442,100162
307619,260782
307702,96251
307891,55805
307894,473133
308092,511386
308092,512251
308185,88565
308257,210271
308310,475749
308310,322814
308361,77565
308370,188145
308517,95257
308517,517573
308657,325902
308657,246912
308657,505753
308887,188438
308901,75309
308901,515051
309044,240238
309142,51242
309176,220798
309178,224452
309284,224261
309369,336733
309442,350517
309525,76240
309557,318883
309598,355317
310055,233278
310055,128578
310081,182720
310131,467862
310303,127905
310410,61156
310415,64529
310499,321787
310499,344184
310539,70384
310753,116628
310766,229236
310960,317829
310960,88792
310960,93352
311029,110031
311029,367642
311098,123751
311102,327892
311102,337032
311298,333087
311298,498463
311298,488559
311298,197596
311298,238998
311298,380672
311402,224543
311424,243767
311488,255570
311488,506915
311554,515852
311554,328359
311601,510767
311654,53792
311762,231077
311762,234630
311826,242357
311906,215587
311929,520608
312005,475614
312266,498473
312344,184330
312595,490322
312643,108212
312684,60739
312844,360201
312976,101884
313033,114568
313033,64895
313051,80057
313097,77423
313230,63881
313254,478474
313498,389649
313662,212055
313696,207689
313748,334901
313794,110214
313829,66799
313924,79231
314035,121877
314035,392162
314035,447472
314074,98974
314164,463539
314173,385803
314173,446942
314180,191666
314287,520511
314422,129416
314506,455099
314533,382566
314676,334584
314838,316496
315188,316287
315234,99628
315349,315351
315410,342710
315441,255735
315478,112376
315497,317527
315504,98974
315537,240664
315596,245839
315601,516243
315619,196320
315814,363731
315837,364082
315837,485860
315902,214573
316130,260478
316165,188477
316172,123731
316201,355956
316280,387458
316287,215020
316382,260937
316404,350517
316489,216515
316489,349078
316521,470140
316557,202984
316557,107934
316764,478674
317028,340148
317046,185991
317073,97000
317084,482487
317087,84324
317133,493193
317171,237960
317171,110278
317194,252750
317269,78607
317503,379012
317518,108462
317801,195478
317937,59407
317937,520190
317978,61588
318138,391341
318140,472198
318206,479278
318239,110146
318281,113894
318287,62510
318448,112281
318532,237841
318594,450345
318651,371978
318883,121778
319080,349168
319091,483354
319279,391418
319290,252384
319478,344801
319530,201765
319530,319533
319556,327672
319763,228118
319809,72153
319881,392890
319918,374989
319959,342978
320151,233096
320282,231267
320369,485253
320423,454758
320450,215020
320450,229821
320451,236604
320451,101291
320451,354280
320451,520951
320451,503745
320451,473993
320474,476297
320493,190961
320504,341129
320657,60241
320694,198663
320784,515112
320812,362802
321205,82214
321290,238449
321434,241436
321434,345182
321514,351195
321668,498919
321728,258179
321753,72145
321803,356187
322023,210189
322048,213650
322112,192805
322112,236459
322112,239772
322202,108865
322252,258871
322542,251051
322814,475749
322832,510615
322832,241012
322891,507935
323036,344000
323036,122824
323039,227868
323116,331227
323135,246340
323135,323853
323345,361332
323390,79822
323574,222376
323574,456926
323574,486443
323574,501220
323634,78868
323743,514726
323750,227341
323925,461071
323951,379951
324183,355317
324234,246974
324475,365014
324475,523262
324544,466641
324544,254370
324632,391515
324835,468678
324939,357743
325107,118997
325110,221617
325152,252210
325180,368616
325230,501877
325324,331606
325357,203891
325411,378044
325411,515301
325462,234842
325485,233167
325493,327922
325653,82242
325654,502784
325766,383532
325766,200945
325768,468939
325836,512289
326009,64642
326052,102940
326052,350196
326151,326153
326153,382955
326265,361676
326421,332690
326525,99573
326800,240648
326935,348709
327265,260464
327285,219278
327285,510751
327302,89311
327323,86538
327327,228739
327327,502139
327327,116322
327388,92136
327491,239945
327497,213200
327498,338663
327672,374168
327672,471978
327892,482505
327895,245634
327906,201686
327988,75243
327989,201464
328069,479156
328096,492400
328221,328228
328327,511571
328336,337559
328359,515852
328415,470452
328532,97994
328815,380263
328819,521042
328977,260480
329136,374201
329136,130130
329454,502331
329634,130478
329911,390967
329922,367244
330040,504535
330040,330221
330089,240471
330221,504535
330289,374840
330310,225035
330339,354552
330506,70004
330643,379644
330656,361313
330741,246613
330764,352202
330875,260507
330889,475469
330984,250540
331008,332252
331482,483249
331557,480530
331694,356038
332252,205551
332372,347769
332408,353111
332482,90205
332550,225479
332591,391878
332622,376741
332690,231091
332699,367777
332713,361063
332713,520169
332751,241598
332803,234101
333087,246395
333096,388157
333162,244288
333162,383470
333365,240969
333368,365644
333569,523262
333669,112890
334254,95966
334415,212620
334439,345037
334466,254800
334611,246010
334702,335207
334760,96456
334799,351123
334812,96113
334842,498085
334850,128526
334901,225400
334901,472599
334901,247577
334957,336668
334957,94591
334957,510661
334963,366833
335063,99283
335063,380268
335186,113598
335216,355958
335464,348350
335603,523190
335774,363066
335895,481546
336497,473171
336497,518530
336597,206284
336639,222453
336707,391763
336749,112494
336905,392463
336988,354472
337042,355519
337056,367581
337225,385277
337241,110214
337420,112393
337532,513167
337720,386057
337806,340041
337850,503582
337971,220150
337971,484764
338073,496326
338079,101399
338234,476330
338250,126594
338478,109112
338496,248394
338524,386598
338638,259453
338638,372867
338850,212620
339226,367055
339296,78517
339428,355592
339428,228282
339438,90872
339438,523802
339620,502844
339882,249131
340014,370700
340043,361710
340043,482265
340076,342534
340094,218168
340101,81462
340142,87709
340156,221971
340511,496279
340541,502784
340673,494930
340870,514325
340977,372216
341032,238795
341032,84957
341032,211784
341043,362713
341073,475710
341073,81517
341114,347530
341114,352946
341120,121919
341307,110214
341335,517868
341360,108792
341642,372166
341693,94983
341920,126288
342006,242062
342123,518446
342243,344146
342270,376817
342379,502180
342672,366914
342943,238914
342953,120027
343698,94876
343879,503263
343879,231894
343906,97939
344000,122824
344311,99838
344348,387261
344466,502784
344750,103939
344769,383479
344832,234776
344842,215746
344849,248325
344975,227130
344981,104791
344981,84594
345029,381614
345081,514175
345163,128999
345387,248967
345397,390914
345768,260607
345775,90825
345779,90825
345891,120658
346023,364796
346040,254522
346195,232015
346371,507833
346613,108686
346622,255062
347041,232076
347097,369624
347097,230034
347097,85286
347157,230835
347329,386516
347360,108388
347390,371503
347529,347541
347530,352946
347622,509956
347640,488606
347640,372458
347829,236403
348057,389747
348338,87505
348773,500171
348929,512456
349048,94591
349199,249370
349278,99145
349290,124657
349362,108924
349396,490250
349456,367777
349498,349861
349847,484460
349847,231913
349948,495504
350159,386470
350242,112045
350254,503508
350254,94732
350476,351594
350476,484811
350476,509169
350771,90250
351123,510329
351144,522562
351177,499982
351195,258619
351195,368615
351279,360011
351279,386980
351337,97867
351369,366859
351593,519235
352146,238633
352202,239512
352658,376671
352799,246767
352905,259299
353063,227868
353294,369880
353426,99365
353511,512195
353711,112531
353762,371183
353835,115105
354090,504233
354209,502784
354235,494770
354280,101291
354337,494032
354493,503101
354541,377225
354637,107647
354901,225336
354977,370326
354977,380840
355298,360308
355517,242062
355906,114536
355932,379864
355990,374185
356120,233164
356172,126594
356172,375959
356509,120796
356522,232277
356570,122567
356570,360398
356691,495991
356691,364435
356738,366833
356934,368825
357840,250620
358013,232755
358306,99369
358456,125705
358735,250468
358865,504270
358967,505327
359159,251926
359194,392551
359200,245595
359234,508221
359394,97679
359407,368024
359407,253889
359407,242697
359535,376333
359547,247103
359612,113505
359661,524082
359696,229590
359711,515301
359776,503626
360058,365511
360171,360173
360398,122567
360441,237695
360611,123249
360752,501825
360856,515932
360856,387016
360884,520169
360918,522387
361020,366929
361574,505154
361676,372532
362118,495991
362381,119598
362542,391242
362593,513655
362970,376927
362970,257630
362984,386811
363026,523469
363080,118056
363513,512752
363790,108594
363841,513502
363987,503582
364157,242564
364435,495991
364601,104860
364653,508539
364773,388560
365014,112438
365141,105922
365141,111970
365198,517525
365274,386073
366123,518768
366873,369020
366929,116039
366972,509952
367391,255854
367600,369845
367600,118611
367604,392974
368073,522724
368597,244007
368598,369405
368615,258619
368772,382420
369553,248799
369845,118611
370527,385807
370594,517023
370671,110757
370700,243718
370829,519968
370956,120356
371211,120937
371269,388764
371333,507544
372032,115061
372184,117578
372644,130947
372867,259453
373618,373631
373618,373627
373627,373631
374201,130130
374989,118260
376293,381121
376390,121726
376451,518556
376735,522701
377041,385015
377249,247245
378054,520825
378471,516329
378715,518855
379241,124896
379321,256954
381591,515301
381780,255796
381953,256480
383227,124757
383269,130812
385204,391721
385999,260201
386782,260664
386928,521654
388340,128282
393236,11603
393248,490528
393248,285915
393248,44375
393248,355150
393381,501085
393381,392890
393412,234278
393416,374565
393425,81699
393470,230175
393472,174348
393472,54735
393620,119620
393696,507064
393696,5359
393740,534222
393740,11371
393756,439100
393756,17893
393756,484388
393757,57540
393757,369845
393765,339002
393765,3373
393910,190601
394016,255842
394052,257706
394052,160101
394052,45213
394052,212512
394086,334326
394148,376747
394154,271781
394154,507756
394207,492835
394230,358368
394316,280737
394325,103577
394338,258158
394460,213002
394619,10730
394619,409438
394699,211003
394699,260681
394760,538382
394871,433285
394983,93360
394997,479416
395002,279834
395065,488976
395078,56497
395094,417551
395094,215334
395101,423817
395130,453095
395130,408026
395178,151045
395178,389604
395178,110359
395309,533815
395453,521427
395546,444891
395566,495045
395654,281445
395670,133728
395704,527974
395746,286381
395958,81490
395980,199510
396018,114631
396019,82167
396019,479815
396096,261083
396154,507756
396172,267752
396263,314718
396263,228053
396331,531787
396331,101477
396336,530879
396336,315596
396375,9848
396392,106252
396392,505281
396395,420792
396514,44052
396563,344981
396563,104791
396563,480810
396606,340258
396662,537637
396726,368447
396726,540124
396726,528131
396726,331918
396726,145301
396726,293529
396726,230948
396842,443622
396842,498547
396884,272686
396944,384480
396951,234396
397050,57481
397143,354090
397158,183207
397200,154656
397418,360578
397418,258458
397418,25285
397419,283136
397469,347367
397476,475089
397523,31568
397593,460037
397767,292276
397906,33617
397932,384815
397932,90973
397933,5285
397933,156146
397933,91438
398001,107741
398030,299301
398128,109932
398128,15350
398167,196767
398228,77753
398236,241402
398236,151210
398315,336935
398318,140312
398387,439231
398465,392987
398465,509620
398588,488051
398630,314357
398663,260774
398712,363818
398712,172430
398712,452103
398712,124330
398795,53057
398795,14673
398831,383668
398848,130910
398913,534294
398981,162026
398981,509480
398985,388792
399009,194894
399029,242115
399151,207523
399202,514695
399202,168063
399202,479556
399202,533710
399202,179056
399342,215093
399346,443803
399374,80878
399496,294463
399590,324234
399590,243400
399618,200290
399677,383890
399677,61647
399817,121605
399879,515452
399909,344174
399944,29597
399944,388471
399944,46658
399944,348591
399944,75127
399944,83300
399944,195925
399944,217945
399944,477052
399944,469066
399944,269249
399944,448668
399944,312096
399944,410982
399944,56031
400010,239583
400010,523951
400019,381333
400084,444695
400084,386409
400098,486481
400145,59507
400387,322092
400517,129876
400561,519224
400728,209222
400813,461680
400813,138930
400813,48010
400854,121056
400894,382258
400908,31153
401050,227511
401050,403745
401055,91186
401062,298429
401247,9707
401247,151273
401261,13878
401261,343133
401261,486455
401311,290043
401405,150924
401471,288033
401497,34623
401499,160564
401513,260478
401590,452123
401654,285246
401659,150272
401666,36374
401666,79299
401666,385515
401666,487746
401716,60896
401716,75727
401775,81150
401842,463946
401856,72850
401888,280712
401888,406226
401965,184197
401995,46081
402038,470316
402045,458975
402172,174348
402281,247005
402304,199445
402304,210306
402450,426355
402573,468477
402573,37427
402575,210140
402575,458983
402584,64642
402615,351176
402637,483221
402859,27932
402868,277689
402957,40656
403023,513447
403162,336497
403164,157978
403486,200030
403552,377249
403557,356120
403712,193701
403760,244202
403843,281476
404029,444080
404203,343476
404279,36918
404438,99783
404504,218206
404504,452927
404526,38376
404560,11900
404755,404805
404802,486783
405063,281445
405118,275559
405185,523937
405195,127996
405198,36023
405209,350853
405299,77068
405353,542658
405479,59459
405507,59997
405507,190015
405559,308343
405559,150566
405642,379170
405642,214573
405642,255133
405855,286454
405883,242386
405907,456449
405918,321434
405925,17845
406057,341719
406072,381991
406117,243850
406217,543074
406226,280712
406270,463209
406270,189388
406399,178288
406442,241699
406503,413759
406576,33040
406584,387630
406584,349398
406599,317817
406599,60241
406599,320657
406599,334524
406614,380717
406756,539234
406772,359776
406803,47044
406858,95834
406899,506735
406905,167857
407117,70059
407117,17500
407326,489039
407408,356802
407418,465474
407447,288225
407467,82378
407467,431497
407535,149755
407554,178156
407554,464619
407564,539263
407564,173432
407564,359776
407659,130478
407659,348583
407659,428269
407712,84995
407712,47889
407712,336597
407746,368473
407763,192901
407763,539955
407821,334956
407859,326800
407859,414695
407867,319562
407869,213218
407869,325831
407888,318809
408009,200354
408044,115454
408044,338900
408044,378510
408045,164841
408061,386080
408061,151822
408159,518028
408168,466477
408168,219754
408183,228456
408183,192838
408183,35416
408201,310625
408381,70469
408416,161645
408427,343579
408468,392990
408481,232034
408532,408533
408541,409523
408570,442269
408586,105859
408599,418862
408763,96642
408939,428843
408967,181663
409024,542513
409046,472203
409046,452368
409050,481195
409148,299008
409238,123361
409249,47397
409317,430041
409328,231037
409362,212324
409375,523469
409386,312722
409418,320341
409458,417085
409458,318763
409470,235302
409473,227009
409489,92295
409523,82599
409523,220562
409535,524067
409942,17361
410208,148212
410320,518144
410421,352202
410447,478244
410451,515090
410684,363066
410740,32730
410784,25285
410807,28780
410851,362579
410851,455904
410931,149811
410982,104537
411062,245839
411093,181154
411250,225872
411302,92087
411303,450307
411303,345307
411328,292677
411433,479790
411433,442311
411433,249930
411492,483105
411529,480084
411584,363703
411584,486117
411591,434013
411642,57830
411709,319765
411735,228495
411735,282299
411735,482727
411811,171708
411824,435761
411824,77952
411824,423755
411829,176453
411829,473873
411978,217245
411978,83287
412079,348848
412120,83281
412127,369002
412153,57521
412258,545471
412282,437499
412430,283321
412443,356187
412443,321803
412443,78782
412450,444549
412450,505771
412451,213916
412571,457059
412615,436552
412747,457596
412811,73663
412938,296483
413065,462055
413065,442016
413065,350242
413173,447539
413175,304730
413195,179981
413195,247927
413200,23341
413200,387255
413207,96672
413235,198720
413248,360322
413268,37981
413285,81082
413285,97301
413285,371460
413290,129725
413290,437136
413468,373286
413591,344568
413591,237264
413627,440542
413640,480530
413640,92065
413745,371589
413759,70693
413763,461955
413867,318268
413943,422778
414139,93352
414149,32464
414149,90626
414158,342347
414158,62510
414173,55194
414173,241040
414202,70171
414278,486626
414282,369486
414334,299866
414411,414490
414514,455052
414695,364022
414695,514610
414695,161629
414747,22914
414750,174560
414842,107404
415130,252142
415181,245802
415218,360918
415252,511028
415269,80237
415306,42623
415321,423412
415325,65544
415335,228369
415380,256480
415537,494761
415650,519035
415719,459711
415729,44375
415751,43497
415751,314090
415788,428810
415805,99980
415833,350445
415942,391065
415983,186896
415983,363445
416125,24158
416158,126421
416395,346609
416395,61201
416412,78652
416468,389807
416599,166516
416599,377549
416599,459607
416599,354124
416599,493830
416695,216813
416956,32298
417004,309317
417085,168233
417085,325661
417108,114671
417108,438563
417108,427662
417289,103733
417305,45564
417343,443476
417371,51038
417371,522913
417383,499649
417385,417401
417551,519630
417551,215334
417575,162879
417608,387255
417646,359057
417725,128243
417827,311298
417837,112429
417851,183032
417851,163593
417893,217245
417921,229019
417921,496242
418067,467063
418070,54150
418070,105091
418070,448917
418070,523175
418070,248722
418077,367388
418276,310081
418313,190364
418368,419534
418368,130873
418368,158613
418509,209137
418778,373582
418835,63716
418870,519224
418888,42668
418902,66601
419117,199356
419279,336054
419284,426012
419287,369361
419297,183532
419305,61195
419356,518631
419425,459602
419568,250352
419663,368689
419663,106531
419683,231267
419751,358967
419751,242279
419751,505327
419751,106694
419751,482726
419751,472606
419751,454020
419844,96928
419944,386705
419984,319626
419986,174753
420109,72710
420118,163894
420261,376741
420264,47386
420264,457748
420329,462760
420329,514601
420332,72890
420537,430506
420622,168801
420639,110214
420738,101493
420751,165750
420761,462393
420761,181979
420765,442388
420780,434502
420792,192649
420792,250956
420811,294658
420811,426500
420811,444879
420893,438973
421043,178387
421043,223994
421125,332699
421289,361310
421317,295688
421356,305273
421426,61182
421432,236629
421761,188548
421839,521058
421876,472535
421926,326052
421926,102940
421926,350196
422118,518166
422244,313497
422282,319542
422282,222123
422463,435300
422472,323033
422475,189625
422493,315919
422550,463429
422632,377042
422641,372184
422646,117777
422720,446638
422720,211349
422738,473892
422769,97684
422784,64874
422784,384906
422789,118056
422935,344000
422941,167439
423028,519252
423139,69123
423139,258724
423238,426266
423362,81143
423381,427308
423381,310305
423381,477638
423412,450418
423522,210570
423636,471524
423682,515594
423705,68968
423755,77952
423755,435761
423771,313259
423875,480725
423941,129876
423941,130792
424249,99911
424418,322814
424476,219415
424508,255586
424508,336749
424550,364007
424617,374421
424617,225780
424691,523469
424752,35527
424811,226470
424811,260636
424824,363747
424824,523201
424847,187453
424917,369417
424954,127880
425024,361779
425080,496919
425189,198455
425358,492014
425477,191366
425665,239618
425667,487359
425745,65267
425745,196826
425790,371398
425834,102863
425847,492582
425847,232805
425847,492405
425963,502004
425994,440908
426012,426018
426012,426430
426018,426430
426266,250043
426430,386147
426482,358961
426500,344297
426566,214888
426577,328241
426810,331229
427026,478674
427126,456064
427126,361581
427126,438519
427151,447306
427190,247698
427256,180019
427276,431062
427289,301772
427350,495794
427360,242601
427360,356802
427365,385554
427404,461049
427441,111749
427456,210548
427490,224109
427522,496153
427595,392715
427625,199662
427625,171507
427662,438563
427671,47912
427671,105539
427671,458888
427721,88117
427721,477441
427752,120027
427800,507330
427946,485016
427956,220977
428015,227927
428015,504822
428057,54405
428193,256938
428193,73934
428269,130478
428290,252980
428306,503223
428307,106108
428307,114157
428334,299621
428435,484157
428489,345768
428545,384575
428574,496834
428577,485997
428671,83544
428787,55399
428797,208658
428920,476123
428934,483354
428937,126156
429047,236096
429047,429607
429103,249370
429112,484277
429118,129802
429144,62927
429180,216867
429215,358579
429268,116328
429308,371822
429607,236096
429607,234855
429734,506855
429734,374536
429876,472647
429922,304959
429999,110844
430034,390914
430041,194407
430041,455469
430132,336887
430238,261497
430452,234215
430457,236841
430457,475928
430506,307355
430761,91076
430857,100969
431169,474655
431186,180577
431195,125538
431195,316854
431244,432012
431284,506923
431409,42948
431491,435837
431497,82378
431591,94591
431689,491188
431816,218197
431816,468758
431817,514823
431893,74396
431893,455097
431969,490612
431969,489062
432013,522309
432059,515522
432143,173231
432190,382103
432247,123074
432249,123419
432333,333569
432333,523262
432338,465137
432341,334396
432383,187693
432562,53547
432562,318004
432619,387255
432639,379910
432747,389977
432755,88792
432755,310960
432836,82312
432905,506755
432905,352020
432905,490863
432919,248321
432986,449520
432998,476747
433352,443255
433361,514363
433407,350476
433697,482834
433959,64150
433959,381382
433976,206933
433976,474181
434062,386010
434198,337270
434227,511902
434280,378910
434366,330089
434493,80116
434502,260694
434610,490547
434610,221420
434610,72998
434616,262032
434952,354977
435077,85254
435127,177408
435149,478947
435186,208499
435187,227684
435296,343790
435300,515448
435314,234809
435315,305858
435336,51744
435366,49816
435427,390561
435429,374750
435440,254656
435575,491207
435761,77952
435826,113886
435829,122553
435837,122550
435909,203931
435909,472188
435934,217768
435948,393169
435948,521383
435986,221532
435986,474842
436009,502784
436081,360612
436100,61744
436134,520084
436160,196320
436164,511356
436297,332803
436473,210703
436525,233714
436525,112810
436753,521654
436771,439058
436771,53792
436812,465845
436850,361545
437102,97576
437136,129725
437143,520205
437254,390256
437279,461527
437373,100066
437373,313701
437538,126321
437576,207817
437622,378065
437789,114075
437796,250099
437796,339185
437839,347066
437919,177423
437948,76693
438015,96655
438015,502556
438114,100320
438215,468407
438227,451565
438237,210290
438294,469395
438402,53587
438431,208927
438563,114671
438634,123751
438664,96612
438664,209501
438673,507544
438676,98307
438676,190589
438676,248394
438725,126288
438738,370631
438902,110321
439075,444927
439091,201488
439100,219972
439100,486894
439125,476601
439133,212245
439170,103268
439170,52036
439194,180577
439503,50552
439583,516651
439583,335594
439583,346627
439583,348683
439583,495491
439583,513122
439622,202609
439736,107976
439778,197173
439803,347097
440094,325661
440102,346239
440202,69447
440202,189222
440202,99515
440236,78525
440259,179193
440351,456912
440416,322051
440416,364043
440448,205615
440448,515301
440456,190469
440483,498652
440489,210975
440489,446678
440556,500180
440589,114575
440730,56322
440739,219754
440744,216172
440746,476330
440756,325766
440756,200945
440768,501654
441004,250647
441064,349398
441159,130659
441277,112210
441353,71271
441533,117848
441593,505598
441593,87772
441658,480790
441658,246761
441667,229792
441667,254507
441721,76135
441757,123437
441767,383432
441955,441975
442008,250130
442010,213200
442010,520608
442016,350242
442065,62217
442100,501654
442210,211502
442210,313751
442269,387450
442311,215492
442358,471251
442384,186554
442386,470985
442386,495847
442410,128310
442432,448690
442432,509721
442479,184412
442507,517450
442522,477193
442584,392008
442594,390972
442887,348708
442972,233465
443042,487194
443170,118144
443378,67076
443453,487059
443548,250116
443803,358495
443819,96016
443871,66274
444184,99135
444209,388602
444408,62770
444582,129173
444613,487502
444643,500099
444646,355806
444672,369580
444763,259299
444814,368904
444875,255775
444875,193654
444879,183314
444879,448670
444879,84288
444947,509188
444998,363445
445045,244165
445136,382866
445167,208327
445336,451565
445400,323634
445426,243476
445563,101582
445563,113713
446202,466356
446239,464226
446308,205973
446308,207935
446308,506252
446373,318766
446433,71348
446494,59836
446522,204062
446638,211349
446688,375029
446733,195043
446749,86756
446749,126647
446824,455235
446928,470872
447090,461414
447307,207241
447393,504331
447393,58590
447539,516929
447539,249761
447718,329302
447767,512727
447840,228369
447860,219825
447975,384971
447990,125458
448097,109088
448142,360013
448269,347302
448324,73395
448380,193522
448450,508590
448471,234158
448537,206773
448601,95904
448620,91164
448634,79910
448652,227474
448652,62899
448670,260694
448690,509721
448690,242341
448789,219714
448843,489031
448867,392704
448872,211502
448872,505080
448964,231267
448992,329136
449089,252677
449103,387284
449103,123918
449141,390041
449258,492438
449399,123631
449497,78185
449497,226760
449806,75243
449860,476876
449933,100240
450020,104178
450088,197118
450098,518919
450151,115622
450247,210921
450263,97679
450293,356509
450358,334302
450374,219910
450482,88867
450487,385160
450585,204712
450630,505505
450703,373557
450783,88585
450902,65942
450988,330283
450988,203931
450990,90710
451036,205203
451057,127760
451446,506207
451574,64124
451662,238914
451697,118571
451697,122804
452019,477854
452319,518941
452340,376133
452357,193098
452402,95981
452552,117580
452678,215148
452678,73196
452728,232585
452895,116191
452909,391516
452927,334542
452981,359185
452981,67756
452981,237085
453016,219825
453071,477597
453095,385961
453144,460072
453258,247638
453261,205116
453414,350853
453434,102364
453883,102106
453907,329136
453930,513375
453950,485611
453989,355136
453989,108160
454039,90982
454098,78782
454098,387140
454237,230670
454530,382134
454530,225097
454539,112557
454610,255688
454711,120768
454823,357385
454929,356170
454929,507310
455052,493897
455097,74396
455118,364022
455270,225175
455281,221631
455353,509188
455356,480863
455428,228450
455463,246854
455463,233502
455616,96840
455634,260102
455651,222453
455651,336639
455755,461984
455832,94591
455955,466356
456253,498056
456348,257239
456407,225442
456407,247778
456451,201568
456494,367388
456627,360000
456677,358681
456851,370645
456912,205201
456936,476705
456950,356849
456950,200679
457033,382472
457059,105346
457091,232294
457137,512865
457137,242785
457154,332548
457154,523722
457154,229379
457154,232338
457298,472924
457389,232076
457389,347041
457775,517589
457775,121536
457775,374442
457954,374536
458029,258024
458058,376064
458075,343203
458101,373865
458349,383045
458520,241326
458573,254511
458805,371264
458841,488171
458946,506560
459006,479790
459169,126343
459294,496054
459378,356808
459516,105724
459589,499772
459607,232805
459610,469427
459790,335234
459791,350476
459892,92612
459939,202365
460062,67803
460113,198545
460441,232015
460553,523469
460694,101642
460694,484836
460795,227354
460856,485047
460997,88565
461022,359185
461071,481546
461071,231735
461244,212192
461291,350640
461291,331302
461769,359481
461816,126737
461925,121378
461925,116641
462033,210175
462070,473643
462083,206358
462293,502727
462471,74363
462503,250050
462786,390851
463107,203540
463410,487796
463526,107741
463539,356761
463572,502844
463930,334849
464033,367047
464033,377835
464043,123280
464104,367047
464133,493355
464133,230959
464249,235154
464531,512523
464619,248999
464630,228369
464715,218675
464876,121861
464897,87056
465076,131033
465186,253609
465206,261696
465293,378795
465409,370931
465409,477109
465555,491072
465594,353095
465594,114793
465706,490072
465771,81490
465858,495943
465907,497218
465940,358495
466186,108033
466217,482151
466321,359918
466420,81537
466477,524177
466598,85109
466641,254370
466641,518268
467053,97045
467053,251660
467057,340958
467119,109864
467188,99515
467222,205615
467234,481292
467257,244540
467361,109883
467419,472622
467419,383130
467488,125697
467502,342379
467942,376133
467989,386080
468050,75719
468336,500233
468463,488011
468477,227893
468495,231486
468540,128619
468566,515970
468613,77745
468678,124066
468758,218197
468805,479278
468945,82438
469121,469123
469381,523225
469412,253789
469533,347775
469871,469875
469954,496112
470173,342262
470203,95991
470537,130118
470556,231267
470567,349268
470746,247778
470876,470886
471305,247955
471313,475075
471572,480515
471587,84305
471653,472720
471876,214610
471978,374168
471992,477660
472159,260395
472188,391809
472441,105120
472477,473532
472720,372083
472862,101695
472934,353372
472964,123222
473126,230282
473126,498924
473240,382472
473422,523469
473471,236232
473789,222700
473814,343698
473824,474513
473892,345636
473892,491616
473993,354280
474181,346627
474261,382806
474430,367731
474626,214523
474666,123631
474692,218946
474875,476297
474890,221652
474890,101007
475044,490560
475067,353980
475150,511030
475150,249105
475202,480378
475210,378203
475232,513912
475365,500159
475395,255771
475576,227354
475622,363847
475622,515352
475622,514055
475705,85102
475717,475726
476330,221231
476537,348913
476900,505817
477080,378455
477224,369311
477322,89166
478126,385527
478448,239583
478569,250050
478625,106626
478633,491484
478673,358927
478676,504784
478676,371029
478782,247927
478947,120063
478965,515190
479084,503995
479160,130812
479189,509594
479267,491771
479416,514136
479518,385932
479518,125538
479546,117583
479556,495991
479939,501932
480530,378054
480562,110276
480766,499612
480987,249761
481083,510572
481089,255997
481195,360000
481195,227853
481242,110936
481534,382284
482038,376478
482203,247363
482486,96016
482612,369486
482636,519630
482636,125660
482726,505327
482872,388340
483179,109108
483406,118433
483422,236858
483567,377399
484343,364084
484460,93498
484460,231913
485364,225778
485412,388539
486059,509797
486210,226585
486407,506755
486481,365529
486537,507922
486552,366629
486567,125142
486654,110548
486783,123586
486783,113567
486894,130130
487238,240411
487291,381780
487291,255796
487467,97579
487488,384504
487546,116595
487585,501742
487625,520605
487661,507544
487697,522309
487833,366829
487910,259445
487982,106281
487982,367220
488108,518733
488940,104537
489153,378937
489557,124391
489563,494670
489737,376064
490250,120937
490250,371211
490250,514172
490360,373413
490365,513796
490852,125668
491682,259980
491745,231132
492014,247362
492312,102463
492405,232805
492530,363005
492642,380156
492674,519561
492674,492675
493334,120625
493905,389104
494293,513502
494470,497187
494616,503164
495045,118260
495127,515301
495759,125058
495794,105285
495815,119673
495968,375507
495991,386039
495991,497128
496045,120253
496088,392817
496154,118774
496190,499299
496237,244956
496355,260193
496355,524003
496481,383434
496642,517300
497189,242785
497437,523100
497889,504233
498156,502784
498289,124161
498289,238648
498631,243802
498708,520608
498889,515301
498919,519989
499160,381991
499264,110854
499299,259599
499502,237807
499889,253831
500522,258795
500672,260676
501014,245263
501334,129486
501429,114568
501742,511741
502043,511030
502685,250009
502696,502702
502743,502744
502784,121194
502784,382338
502784,523019
502784,379843
502784,256930
502821,253914
502844,515056
503508,129326
503712,507544
504117,523866
504162,512719
504464,392890
504683,116112
504967,116811
505080,519991
505265,382315
506658,386347
506915,255570
508587,257970
509423,384480
509620,392987
510008,120870
510063,120169
510224,510231
511166,522017
511384,252242
511610,250087
511685,520163
511921,390981
512297,522536
512388,258489
512673,129326
512702,260570
514292,386080
514393,385063
515301,127025
515301,259192
515301,125235
515745,520895
515932,387016
516016,391753
516567,258194
517176,521431
517328,386980
517487,391682
517946,390112
519064,258336
520084,128253
520751,391090
524088,524091
524386,125818
524540,16621
524540,293769
524540,373488
524540,450361
524540,461276
524591,368073
524598,153854
524598,170458
524636,394057
525013,539432
525013,510661
525013,495815
525013,336668
525013,334957
525013,292364
525013,502415
525013,127208
525013,94591
525013,261461
525033,180679
525037,377529
525037,191688
525064,157332
525064,345926
525075,140598
525093,162128
525111,424921
525132,228942
525132,378833
525141,536615
525146,197850
525164,528277
525176,410451
525219,481242
525219,110936
525268,447393
525270,110162
525300,4978
525396,433360
525450,196237
525489,430767
525498,223521
525532,21692
525549,214425
525549,125705
525592,397056
525592,190325
525621,54855
525659,36918
525783,187309
525798,463148
525816,460072
525817,257686
525879,203361
525963,79960
525991,328819
525991,16219
525992,253769
525992,42623
525992,83791
526007,315322
526007,4038
526071,521334
526219,374439
526221,76238
526266,144693
526266,381953
526266,303186
526266,256480
526315,442827
526315,331269
526356,228369
526377,419693
526388,220034
526396,59937
526437,405642
526454,218206
526454,215918
526462,344624
526515,234556
526528,44375
526550,11668
526554,177432
526568,297198
526658,280062
526671,51370
526724,12382
526730,213913
526750,448789
526750,219714
526750,43967
526755,403745
526906,462847
526941,120027
526959,271793
527028,126796
527053,271192
527121,213200
527121,311929
527149,402495
527223,65316
527320,62510
527320,414158
527320,342347
527446,55584
527510,384450
527510,57885
527590,130591
527600,504464
527648,378571
527715,296186
527744,453261
527744,477082
527755,158952
527783,500696
527783,353626
527783,302914
527783,198327
527783,192632
527783,347390
527783,371503
527833,83477
527861,262054
527914,527915
527974,96197
527974,151045
528001,173587
528084,473416
528094,437017
528096,369361
528096,419287
528096,241635
528117,36918
528127,225610
528138,424406
528151,437136
528151,413290
528225,26614
528230,364022
528398,435655
528398,239320
528504,532414
528533,543635
528580,545883
528630,542189
528630,55681
528658,328685
528658,37469
528661,511571
528698,387793
528776,518398
528827,545756
528841,161079
528896,439583
528896,141087
528896,103912
528935,239512
528939,51605
528939,534675
528945,147412
528985,66772
529011,23190
529015,314357
529070,103863
529121,275115
529137,460694
529250,5378
529361,366408
529423,460068
529483,157561
529496,411694
529547,19768
529699,360381
529753,469176
529787,513655
529787,63710
529793,420639
529793,450247
529846,438676
529862,422926
529899,185814
529940,64343
529946,49898
530201,463930
530201,334849
530242,23329
530266,531154
530348,163046
530441,311906
530448,520271
530448,200005
530493,330006
530846,451582
530859,344372
530872,47396
530879,200097
530879,245839
530879,315596
530879,411062
530936,277250
530940,50593
530942,49159
530942,214322
530942,361921
530951,150968
530951,475331
530952,157466
530952,237288
531023,403359
531023,300326
531093,46404
531127,173826
531139,516336
531152,238944
531154,383479
531154,344769
531154,162887
531157,193701
531157,269278
531177,180273
531221,31163
531230,531489
531316,296281
531316,57342
531358,113195
531450,156825
531565,531567
531593,62677
531593,150635
531593,63938
531636,470919
531661,362906
531675,106621
531675,258979
531696,287671
531702,331658
531702,365602
531702,292310
531702,32304
531772,347761
531787,403244
531787,495968
531823,307702
531869,497210
531909,371052
531909,518809
531942,300336
531980,85254
532135,42398
532139,15150
532140,425665
532301,270163
532302,253861
532314,546414
532414,470358
532434,94377
532491,102463
532497,275080
532520,105158
532531,456725
532537,55121
532573,537690
532590,535337
532590,484413
532601,314287
532680,176161
532690,275591
532774,546235
532863,156141
532953,197335
532980,276766
533009,460226
533071,217422
533084,164021
533117,546288
533208,215948
533398,229917
533509,297307
533548,535621
533548,17599
533652,93740
533751,48655
533766,179379
533863,541188
533872,60552
533872,299677
533972,237145
534047,152233
534047,414984
534047,310173
534058,281557
534086,250825
534157,221309
534222,11371
534355,35416
534499,537129
534520,299825
534520,340706
534522,317084
534522,482487
534552,45050
534552,243728
534640,521033
534740,141807
534790,254423
534814,543256
535049,231267
535337,217686
535351,372290
535409,77292
535409,240407
535534,35684
535611,216305
535618,107741
535621,114425
535666,213385
535666,348522
535713,487570
535750,369930
535779,363426
535779,333360
535779,446280
535779,463596
535869,505984
535893,381759
535949,498851
535949,299784
535949,252240
536116,223096
536116,460169
536159,93380
536165,92021
536202,480295
536206,474858
536258,289837
536332,514588
536417,49128
536417,548037
536576,66273
536576,88959
536615,508620
536617,130812
536623,545883
536724,173136
536809,426226
536825,467286
536837,176288
536854,545235
536879,13476
536879,234450
536914,94591
536949,305369
536968,470550
536970,391753
536973,66190
536976,216837
536997,545774
537035,121919
537111,390503
537121,485291
537169,363005
537185,474051
537201,276576
537201,443085
537234,98797
537269,506778
537325,410219
537343,440153
537413,43254
537413,22276
537413,542425
537481,305788
537637,44296
537637,315082
537637,282145
537648,59895
537715,354977
537715,370326
537758,539697
537810,18791
537849,127679
537849,443594
537849,362182
537849,450783
537943,393169
537943,435948
537950,326758
537953,501789
538013,443844
538013,188059
538013,463572
538013,251132
538024,212344
538067,277412
538067,250627
538067,545007
538122,411591
538145,108449
538160,314150
538320,481797
538329,239517
538329,390523
538367,502960
538382,494937
538396,217848
538448,542189
538448,211110
538477,83275
538516,450459
538534,373631
538633,119513
538715,162684
538715,434995
538784,35796
538796,317792
538846,350849
538846,107389
538846,387296
538846,180385
538846,52144
538846,279817
538846,294768
538846,340216
538851,124786
539028,38561
539041,230444
539042,517975
539121,90710
539175,502784
539186,424508
539186,255586
539186,336749
539194,180293
539263,35232
539263,359776
539298,219144
539346,484836
539346,460694
539474,518757
539476,208031
539497,306748
539497,361921
539679,357710
539683,199435
539698,184487
539698,409417
539715,59219
539768,432751
539860,476330
539955,83544
539991,175580
539991,304935
540088,317829
540088,261531
540124,230948
540207,207188
540279,198286
540337,150952
540337,176161
540350,457744
540372,19767
540388,161966
540388,181977
540390,342140
540585,284728
540641,31484
540687,429249
540694,498007
540974,518703
540974,167097
541093,209943
541163,285229
541163,261531
541175,176642
541212,161104
541241,461415
541287,422445
541289,225008
541418,543860
541418,43881
541483,130421
541483,150556
541502,186554
541502,442384
541502,347696
541715,314477
541744,159828
541780,297420
541822,187555
541831,411735
541831,189928
541905,254511
541965,300371
541975,293763
541981,314173
541994,35590
541994,126549
542029,80486
542080,236293
542091,113500
542180,29786
542185,122232
542189,55681
542196,97579
542292,130233
542292,83628
542308,543679
542337,20479
542441,548262
542603,53825
542606,545006
542678,412127
542719,546610
542719,122377
542769,236866
542870,39538
542905,386073
542905,365274
542913,239179
542935,233527
542940,545235
543220,125299
543256,546760
543331,313570
543384,63865
543384,418070
543384,468571
543384,302260
543384,372532
543407,210150
543414,55457
543565,104347
543606,546844
543700,285863
543708,109629
543770,547194
543786,436638
543860,43881
544006,421337
544078,545404
544078,36705
544093,548393
544093,118557
544129,177432
544262,316455
544262,216693
544292,129614
544312,115942
544490,545032
544490,390629
544501,548197
544501,82409
544531,516540
544543,228344
544686,545756
544721,33965
544721,544959
544733,519484
544745,509797
544767,22548
544773,240202
544793,547398
544820,546974
544820,225473
544823,454895
544823,334068
544826,511356
544826,61472
544873,79910
544901,260210
544901,106269
544940,548251
544983,545350
545007,250627
545023,54618
545023,127562
545032,258631
545032,249653
545032,206962
545037,344107
545063,546349
545070,215195
545070,546668
545070,446067
545070,437665
545103,545235
545235,420041
545235,548094
545235,224400
545235,175372
545235,110276
545235,468093
545235,53889
545235,496591
545244,97579
545259,256280
545261,225473
545271,260874
545271,546760
545289,545442
545289,108166
545340,355915
545350,545949
545350,110147
545387,547528
545387,170699
545390,119886
545404,36705
545428,425985
545471,545588
545473,33359
545496,546151
545598,24181
545646,199082
545650,164258
545678,226158
545689,181359
545712,374117
545712,199526
545727,547194
545756,428233
545774,546820
545805,464569
545805,342625
545970,333086
545971,487467
545978,506693
545978,548088
545978,320905
545988,174531
546010,179928
546037,107655
546060,244806
546112,198720
546112,218942
546112,81486
546139,209585
546196,218942
546219,42948
546235,383542
546235,261371
546235,383581
546278,547028
546288,111640
546288,227716
546353,433496
546353,209585
546355,260648
546355,260650
546442,286046
546572,211251
546610,186423
546623,246722
546623,58683
546726,546870
546745,547446
546775,378659
546783,184220
546818,25534
546820,517700
546844,498547
546849,548284
546854,66261
546887,110834
546913,130178
546974,225473
546974,178753
546974,97579
547080,225728
547086,235922
547203,66273
547256,547257
547333,489416
547333,548169
547333,105350
547333,436775
547366,82107
547392,547393
547451,218942
547497,548393
547528,108478
547528,170699
547535,175441
547535,548162
547559,35416
547590,35416
547590,198627
547635,54618
547684,355520
547701,250627
547767,547832
547841,94587
547930,548395
547935,84983
548025,189559
548025,97579
548037,49128
548037,117759
548088,506693
548150,471294
548176,374436
548176,93955
548176,52728
548197,460762
548208,253148
548276,454895
548284,486517
548286,510377
548317,86121
548323,425565
548323,66979
548354,223907
548354,244749
548442,247278
